-115;5655
-11;575
-1266;1556
-13;584
-15;586
-164;1551
-24;5087
-40;2047
-42;3536
-54;3470
-61;4558
-65;2807
-6;1096
-70;2067
-72;4055
0;3765,3792,3836,3857,3858,3860,3894,4005,4011,4017,4084,4087,4088,4093,4094,4095,4096,4098,4174,4293,4443,4489,4492,4499,4514,4613,4696,4727,4853,4882,4930,4931,4932,4933,4939,4940,4941,4944,4950,4954,4955,4958,4967,4968,4971,4972,4973,4974,4975,4976,4977,4978,4982,4983,4987,4988,4989,4990,4991,4993,4997,4998,4999,5002,5014,5024,5039,5091,5097,5146,5168,5199,5231,5258,5272,5283,5345,5348,5349,5350,5353,5354,5405,5423,5424,5442,5446,5545,5549,5551,5555,5560,5602,5629,5630,5631,5632,5636,5639,5644,5713,5723,5726,5787,5946,6063,6091,6150,6153,6315,6319,6331,6336,6349,6351,6360,6385,6398,6399,6449,6452,6514,6566,6574,6620,6687,6696,6713,6792,6809,6842,6845,6912,7065,7069,7087,7088,7092,7158,7159,7164,7165,7166,7167,7168,7176
1000;4438,6527,6737,6878
1001;6103
1002;3570,6535,6940
1003;3116,5663,5943
1004;287
1005;414,5418,6859
1007;4295,6879
1008;2970,3224,7123
1009;3408,5013
100;1476,1972,2102,2112,4360,4416,4533,5223,5327,5660,5947,7163,86
1010;274
1011;6253
1012;2919
1013;4316
1014;249,6078
1015;3553
1016;6537
1017;1360,5136
1019;3461,6624
101;1829,2035,2216,3068,3590,469,4855,5687,696
1020;2511,4454,837
1021;6178,6702,6858
1023;6846,7024
1024;4716,6969,809
1026;3242,3463
1027;240,4746,702,995
1028;4656,6339
1029;2929
102;1230,1839,1852,2100,2369,3071,360,4151,547,5641,6621,6876
1030;5171
1031;3988
1032;4914
1033;2853,5821,6837
1035;6043
1036;1606,336,3701
1037;244
103;1027,2172,3044,3063,3762,4173,5284,5324,5561,6712
1040;1001,4314,5694,6770
1041;1392,2858
1043;1564,1693,4315,4865
1044;4158
1045;1416
1046;344
1047;376
1048;6701,861
104;1672,2515,4203,5571
1050;1129,2130,2611,6522,6796,7002
10510;6448
1051;5791
1052;3613
1053;1983
1054;2803
1055;79
1056;2463
1057;3807,4199
1058;190,2893,346
105;1262,1368,2181,2321,2670,3048,313,3737,3881,6185,6190,6640,6659
1060;248,288,2939,6844
1061;5153,5757
1063;815,999
1065;3322
1066;6430,6903
1067;3368
10682;2933
1068;3447,6868
1069;4907
106;2176,2660,3936,6553
1070;2507,4301
1071;2788,6391
1072;5190
10761;4965
1076;1278
1077;4082,5817
1078;3620
1079;4278
107;1028,2985,3190,3603,3952,4083,4150,6115,6180
1082;3267,4144,4630,6657
1083;2714,4687,6784,6788,7005
1084;1389
1085;1131,3290
10860;2667
1086;3443,6100
1087;5771,6546
1088;2225,6720
1089;255
108;1734,2300,24,3177,35,5867,5933,6926,7095,803
1090;1292
1092;4206
1095;4148,4385,5848
1096;2574,6423
1098;3531
1099;269,3716,4431,6045,7091
109;1589,1965,3040,3421,3679,827
10;1052,1402,1677,1696,1700,1721,1731,1805,1832,1840,1872,1878,1883,19,1903,1918,1919,1922,1929,1931,2023,2157,2248,2251,2293,2302,2320,2479,2484,2603,2695,2696,2738,2768,3047,3057,3059,3067,3081,3115,3156,3179,3547,3610,3676,3791,3900,3931,3932,399,4015,4091,4107,4116,4237,4294,4480,4497,4538,4573,4628,4662,4674,4676,4761,4798,4803,4804,4813,4857,4905,4909,4929,5085,5236,5241,5380,5459,5525,5535,5536,5581,5589,5627,5638,5640,5731,620,642,6517,6518,6586,6771,6772,6773,6856,6981,927,966,967,968,969,970,971
11001;3914
1100;259,4216,4339
11034;2649
1106;1300,1394
1107;152
110;2389,2436,290,5130,55,5649,5923
1110;3980,5997,6226,7130,99
1112;357
11136;5445
1114;4195,5777
1115;1261,1565,4313
1119;5264,6825,699
111;1267,1706,1936,2101,2568,3094,3892,3960,4916
1120;6985
1121;3117
1122;1130
1123;258
1124;4272
1125;2356,4153,6939
1126;265
1127;2491
1129;180,6558
112;1216,1580,1850,2200,2311,3415,4970,5502,595,63,7,7077
11300;2645
11327;4010
1132;1289,390
1133;78
1135;3246
1136;5417
1139;5810
113;2647,2987,3164,3200,3419,5311,5684
1140;5720,6887,716
11414;2339
1141;132,2359
1142;1967
1144;64
1145;6994
1147;2403
1148;2516,2648,3667,5480,7050
114;3077,3877,576,5857,588
1150;3449,6089
1156;2770,3618
1157;6046
1158;2125,354,863
1159;3446,5673
115;1107,1414,2177,2653,3686,4428,4737,6035,6284
1160;6531
1161;4433,6006,6394
1162;6107
1165;2759,6611,6699
1166;3387
1168;6798
116;108,205,2272,3154,4046,6202
1170;184,5538
11713;3848
1171;1958,2352,6071
1174;2004
1175;3776,66
1178;5882,701
117;3165,5078,5208,542,561,68
1180;1445,5961
1181;4355
1182;5156
1185;3317
1187;1465
1188;1536
1189;3386,3539
118;145,1583,2262,2801,2968,448,4616,5489,7068,923
1190;3328
1192;3656
1194;4372
1195;5852
1197;733
1198;4305,6047
1199;4400
119;2244,3261,4182,4442,5005,5729,599,618
11;104,1193,1432,1571,17,1867,1884,1910,1915,2138,2156,2159,2466,2477,2501,2544,2754,2775,3090,3101,3398,3641,3847,3976,4099,4516,5381,5751,598,5991,6363,6445
1200;6573
1201;5165,5291
1202;767
1203;3136,3351
1204;6751
1206;1071,2027
1207;7052
1208;5429,5725,6462,866
120;2665,3034,3528,518
1211;5415,6850,90
1212;6067
1213;1207,5047
1214;1532,1812,254,5347,862
12152;2622
1215;176,42,6743
1216;6951
1217;4317,4383,4873
1219;3324
121;2173,3345,3640,3694,4159,4345,4576,4624,4858,511,6105,6406,6857,7031
1220;2297,6288,6862
1221;3456,4602
1224;2630,5783,6233,6725
1225;5572
1227;5479,820
1228;3863
122;1834,3065,348,5069
1230;1273,252
1231;6541
1232;5226
1233;4262
1234;621
1236;4920,707
1239;4025
123;1495,1937,2979,3079,4886,5113
12400;5711
1240;277
1242;149,5016
1243;3543
1245;717
1247;1019,1543,2539,327
1248;3996,5473
1249;1364,2617,5197,769
124;1323,1377,2202,5412,559
1250;4684,5080,5100,6545
1251;3538
1252;5564
1253;179,6249,6728,6836
12552;2650
1255;7122
1258;168
12591;6334
125;2764,2906,3212,3268,367,4484,4947,5647,5885,6262,909
1260;1239
1261;5820
1263;2471,2927,5160,5404
1265;1143,4201
1266;279,5346
1267;105,1491,6106,7157
1268;4047,743
126;1157,1894,3380,3677,4178,526,5712,6121,6580
1270;4188,6016,6221
1271;1359,3902
1273;1525,281,3203
1276;2139,347,6011
1277;3802,6054,6177
1278;1765
1279;6242
127;1440,2750,4033,6605
1280;1405,3038,3702
12816;5784
1283;6781
1284;1981,3963,5150
1287;4054
1288;4424
1289;3275
128;1505,2219,2355,4546,4942,5244,6029,6870,750
12913;2623
1291;1142,3259,3309
1295;3638
1297;3978
1299;394,5797,6382,6536
129;1153,153,2748,2839,2895,4325,737,738
12;1184,1217,1316,1429,1906,1913,2096,2274,2802,2901,2902,2993,3302,3691,3766,3823,3939,4110,4259,4625,4654,4910,5064,507,5217,5320,5379,5811,6039,6247,6342,6481,7041
1300;1233,5256,6027,6298,6532,6645
1301;6547
1302;1302,4367
1303;4228
1305;2629
1306;1632,234,6327
1307;3294
1308;3626
130;1708,2253,2549,3095,4571,5154
1312;2711,5833
1314;6790
1317;3805
1319;5046,5809
131;1820,1848,1853,2776,325,328,3436,3933,4001,405,412,4725,4887,5041,5501,5716
1320;6776
1321;6534
1322;2143
1324;2957
1325;1312,4564,940
1328;6741
132;36,4868,562
1330;1557,6480
1332;115
1333;3241
1334;3152
13355;2621
1335;1935,3852,4837,5669
1337;2070
1338;4670
1339;4036,5021,742
133;1973,3209
1341;3753
1342;373,5249
1343;31
1344;4152
1345;5221,5490,739
1346;5614
1348;5927
134;3745,5216
1350;2033,5714,6731
1352;2001,5034,5134
1353;759
1354;3431,4889,67
1355;5263,6050
135;1158,1546,1811,2190,271,3096,4357,530,554,6817,6986,7109
1360;4225
1361;2394
1363;1063,745
1365;3181,3245,4745
1367;1122,379
1368;1245
136;1986,76
1371;3545,3973,5147,6374
1375;1614
1378;1003,1009,5521,6571
137;1504,3217,3222,5360,5365,680,723
1380;2337,4769
1381;6683
1382;3416,5048
1385;2763
1388;3663
138;1183,2878,2880,4235,6804,754
1390;876
1391;1319,3999
1392;4636
1394;2616,6022,6293
1395;6146
1396;5093
1398;2875
139;1779,2510,6140,730
13;1067,1287,1311,1384,1477,1486,1512,1676,1838,1856,1875,1907,1916,1962,1974,2011,2155,2237,2298,2529,2728,2749,308,3113,3128,3162,3175,3191,3239,3248,3253,3295,3501,3507,3575,3608,3703,3718,4092,4455,4496,4500,4593,4622,4709,4808,4841,505,5058,5061,5315,5518,5585,5701,5776,5795,6467,6485,6658,6671,6684,6775,868,910,943
1400;1624,4806
1401;5487,6441
14022;5804
1404;2698
1405;101
1406;4904
1407;973
1408;6256,74
140;6454,6673,686,6913
1410;1730,2371,6313
1411;1568,1619,1630,2721
1416;1631
1417;1006,1529,2821,6675
141;1685,1930,2179,2362,2680,3424,3938,4292,5583,5938,613,6195,6297,6655,7008,7160
1420;5508
14219;4986
1421;5045,87,978
1423;156
1424;5157
1425;6930
1427;1124,5207,5945
1428;3379
1429;3769
142;1179,1519,2435,4620,5539,5709,6763
1430;2810
1432;818
1433;6041
1434;6685
1435;6899
1437;2333,2684,5238
143;1411,2164,2276,3172,3812,5763,616,6270
1442;3714,4224
1444;6623,959
1446;2523,2758
1447;6962
1448;6259
144;1318,23,318,3439,5733,6165,6393
1450;2677,2683,4320,4739,947
1453;225
1454;2450,6886
1455;747
1456;5262,5292
1457;1984
1459;5839
145;3137,4979,6112,954
1460;1622,6789,700
1461;4720
1464;2594,5819
1465;1627
1467;5494
146;1442,1942,3624,3654,3748,4172,5,610
1470;1623,83
1472;4029,4629
1473;5547,6017
1474;2009
1475;6151
1476;1073,1726,5503
1477;2419
1478;5836
147;2524,342,4481
1480;4579
1481;4517
1483;4447
1485;1625
1486;2804
1487;343
148;1485,1553,1781,3937,444,5579,5588,5880,5984,5994
1492;1558,7141
1493;2335
1496;1612
1497;1232,5181,6099
1498;6629
1499;1786
149;5195,5388
14;1427,155,1890,1908,2097,2296,2308,2688,2744,2953,2967,3062,3306,3364,3374,3474,350,3567,3709,410,4246,4309,4322,4678,4829,4892,5383,5389,5676,579,6095,7173,7179
1500;3033,4398,5090,6037,6470
1502;2319
1503;3475,4268,5213,5492
1504;1199
1506;207
1508;2542,711
1509;1002,1005,5881,6572
150;2220,2280,2845,2866,3032,3088,3273,4250
1510;5658
1511;245
1512;235
1513;1141
1514;301
1515;295,4740,764
1516;283,371
1519;3867
151;1956,2188,2294,2969,3670,428,4691,4711,4793,5109,5870,6278,6323,778,874
1520;263,4016
1521;1301
1522;2330
1529;1541,6023
152;2099,2241,3256,3552,3820,69
1530;4881
1531;2604
1533;6471
1535;1044,6142
1536;3592,3845
1538;2663
1539;5148,5793
153;3383,3542,4852
1540;3813
1543;5275
1545;1048,5142,5553
1548;1539
1549;363,732
154;1407,2118,2716,2988,3103,4068,4284,5374,663
1552;903
1555;2513,4742,5243,6384
1558;1413,5971,7113
1559;2448
155;2512,463,5104,5339
1560;7143
1562;268
1563;3625
1568;763
156;1033,1462,1599,6395,7042
1570;2106,4114
1571;6081
1572;1000,1578,3167,5569,6767
1573;6760
1574;6294,7099
1575;1964
1576;84
157;1204,1260,1361,2142,334,369,4867,5871,5902,6321,713
1580;6922
1581;2126,5903,6292
1582;1136
1584;2859
1585;1621,3205,6087
1586;3614
1587;4306
158;578
1591;2341
1594;5203,6389
1595;4318
159;473,483,4830,5682
15;1412,144,1449,1682,1697,1704,1741,1887,1889,1923,1940,2034,2095,2212,2227,2245,2304,2437,2444,2753,2899,2974,3089,3118,3192,3214,3297,3304,3393,3711,3972,4485,4585,4617,464,4673,4680,4832,4872,4917,5313,5387,5544,6064,6090,6364,6960,934
1600;2844,6422
1601;383,5466
1602;5270
1603;6092
1604;2318
1605;4192,4948
160;1371,181,187,2357,3039,338,4519,4527,5314,6111,650,6692,6988,7183
1610;2780
1611;4783
1614;1086,230
1617;5255
161;1061,1119,1489,2199,3855,3885,457,4795,6498
1620;1296,5574
1621;1024
1624;2847,34,3739,4418
1625;3183
1626;3770
1628;2076
1629;5266
162;1227,3369,4765,5358,5369,5428
1630;1012,2439
1631;4880
1633;4256
1635;122
1636;3876
1639;5401
163;1653,3658,481,6839
1642;5265
1645;1528
1646;2445,5465
1647;4319,6715
1649;352,4925
164;1021,1256,139,1752,1789,1854,1954,2582,3662,3678,5274,5677,6495,6587,7075,731
1650;6416
1651;5277
1653;165,88
1657;280
165;3928,5760,5855,6473,6966,9
1660;4690
1661;3834
1663;4423
1667;3418
1668;2129
166;3619,3649,380,5364
1670;6513,6555
1671;1138
1672;1996
1673;384,4721
1674;1629
1675;2781
1676;4637,6565
1679;6874
167;106,1833,2279,2504,2852,3389,340,4525,4888,6388
1682;1212
1684;2861
1686;1280,231
168;3946
1690;2782
169;2727,6376
16;1049,1206,1214,1659,1724,1725,1754,1849,1885,2091,219,2299,2424,2467,2719,2730,2860,2879,2991,3091,3197,331,3661,3720,402,4132,4258,4518,4619,4677,4681,4794,5477,5665,5671,5734,5951,607,6232,6304,708,920,932
1700;3921
1703;765
1706;7090,981
1708;1600,2557
1709;5792,80
170;1655,2348,2742,2894,3555,4081,4537,605,628,6560,7076,7111
1711;2840
1712;178
1713;4883
1714;2555
1715;1112,3349
1716;3282,6955
171;1228,16,3284,5815,6280,6649,6852,6917
1720;5846,6892,842
1722;2505,6149
1723;4448,5288
1724;4900
1725;2522
1726;3669,945
1729;4778,5092
172;191,1943,2789,5352,728
1732;6766,7072
173;2344,3602,4196,512,5827,7148
1740;2005
1742;1161,2962
1743;791
1744;4414
1747;6243
1748;5205
1749;4374,6952
174;2461,2668,2892,3051,4051,4169,5475,564,5894,6143,648
1751;6889
1758;1646
1759;5421
175;2083,3024,4183,5924
1761;2433
1762;2405
1765;4071,989
1766;740
1768;5559
176;2158,6477
1771;3104
1772;4277
1775;98
1776;3903
1778;213
177;1075,1223,1459,1641,2598,2811,3195,5280,5656,5890
1783;6609
1784;2483
1785;6380
1788;2454,972
1789;126,1686,3112,3476
178;2481,2590,3355,506
1791;3498,4441
1792;5006
1797;5462
1799;123,5164
179;1497,3708,418,6533
17;1321,1434,1520,1893,1952,2037,2217,3330,3450,3510,3604,4124,439,4410,4507,5007,535,5367,5749,581,602,6085,619,6511,6548,694
1800;4337
1801;1004,6157
1804;3889
1805;1597,6290
1806;2478
1808;160,6302
180;1584,201,2724,4138,4789,5474,5889,6332,7142
1813;2012
1814;1977
1815;3169,5504
1817;4387
1818;393
181;5059,682,75
1822;1674,768
1824;1941
1827;6932
182;1145,1663
1831;1651,2921
1833;2407
1836;5215,5422
1837;6660
183;1457,349,6680
1843;4642
1844;2506
1847;2338,242,4393
1848;1139
184;2275,300,381,4535,4601,4710,4819,5242,5686,6104,7012,7103
1850;2846,6811
1853;886
1857;374
185;1559,2111
1860;1189,4667,922
1862;6968
1864;1763
1867;2449
186;4570,871
1870;2018,3591
1873;102,5469
1875;3029
187;1585,224,2521,2671,317,5458,5666,758
1881;6942
1886;3145
1887;5259
188;2488,6004,6882,718
1890;1043
1891;5675
1892;89
1893;6366,6390
1894;119
1895;1626
1896;362
1898;7044
189;2287,2360,2832,4391
18;1286,1424,1494,1871,1901,2175,2317,2462,2547,2554,2990,3076,3093,3122,3146,3278,3509,3558,3992,4009,409,4090,4453,4486,4581,5269,5323,5540,5670,5700,5985,6381,7184
1900;1040
1903;372,5023
1905;51,6923
1907;1566
1908;7045
1909;1784
190;1254,4073,508,5403,5493,5794,5878,6990
1910;1252
1911;2834
1912;196
1914;841
1915;6754
1916;382
1919;3488,6317
191;3464,4611,672,6948
1922;6530
1927;1140
1929;867
192;3213,3247,3842,4906,6013,6439
1930;311,6024,6944
193;1548,2345,2425,4212,5409,5434,6379,6627
1942;2855
1946;7078
1947;375
1949;5957
194;1376,1803,303,3735,4435,4695,5744,668,691
1950;774
1953;3496,5803,6723
1954;3319
1958;2336
1959;2854,385
195;1324,174,6215,6961
1966;358
1968;2503,3888,5396
1969;942
196;2132,4255
197;1205,1317,1843,2679,3728,4368,4801,5336,5616
1980;4741
1982;3440
1985;5294
1986;5300
1987;3557
1989;1535
198;3843,3890
1996;2851
1998;1194,2431
1999;5260
199;3228,5993,6183
19;1438,1806,1863,1891,2059,2209,2218,243,2536,2609,291,3056,3119,3138,3502,3971,4269,459,4821,499,5112,5126,533,5351,5449,6,6014,6055,6248,6585,912
1;3832,5166,5432,5812,5875,589,6189,6193
2000;5522,5905,6096,6213,6865
2001;1675,5575
2008;5341
200;1114,1555,1615,2813,2981,299,3675,4805,5074,6198,677,6835,6974
2010;6521
2012;6742
2013;2961
2018;2500
201;5246
2020;2140
2021;1830,2015
2024;1281
2025;150,2401
2026;1209
2029;5145
202;1666,2343,3564,498,566
2031;1190,5818
2038;6556
203;1234,1235,125,1419,1831,1836,2370,2872,4229,4429,897
2040;2079
2041;5204
2042;2678
2044;6074,762
2049;2010
204;1225,1433,2613,638
2050;6446
2051;3220
2054;647
2058;2761
2059;1425
205;2247,246
2060;1598,2596,2722
2061;7011
2062;4552
2064;5587
206;2087,3227,4913
2073;267
2074;4348
2075;865
2076;1032
2077;3750,4645
207;1325,2535,4310,4329,5876,5949,5973,6829,6834,7073
2080;6314
2082;7017
2085;6396
2086;5343
208;1224,5900
2092;5070
2096;1306
2097;4580
209;1031,1284,4512,4728,5659
20;1113,1664,1687,1723,1800,1969,1994,2,208,2207,2229,2363,2553,2746,286,2864,2904,2946,3011,3018,3022,3037,304,3043,3074,3132,3232,3763,3826,3853,3901,4101,420,4513,4618,4692,4781,4792,4918,5032,5121,5127,5155,525,5382,5384,5523,5567,5808,5887,5970,5978,6197,6227,6672,6679,6818,6822,6823,846,905,911,919
2100;378,3917,4133,5968
2102;5054
2106;136,4356
210;1846,1859,261,4061,41,4300,6793,7125
2112;2631
2113;1446
2117;6414
2119;7064
211;5140,95
2120;2480
2122;4639
2123;4715
2125;3187
2126;1560,1995
2129;2526,6455
212;3473,4421,4893
2131;6888
2132;214,2386
2133;5688
2135;787
2139;1017,6718
213;2196,3231,3336,3377,4290,4467,5476,6030,6616,7105
2140;6971
2141;5139
2142;5051
2143;4375
2145;2687
2146;2408,6714
2148;2896,48
214;2213,5743,6591
2150;6871
2151;2002
2153;1948
2156;2473
2157;4354
2158;939
215;127,1461,2147,3327,4186,527
2165;3767
2167;1415
2169;3155
2170;2446,276
2171;4760
2173;7018
217;2443,3159,3265,5159,5397,5879,6160,664
2180;6815
2181;3652
2182;2180
2184;2760
2188;5201
2189;6980
218;1342,4729,571,6802
2191;2455
2193;5914,85
2195;121
2198;6365
219;1068,1367,2487,3560,3643,413
21;151,197,2210,250,251,3100,3114,3151,3276,3478,3505,3631,4022,4835,5082,5094,5106,5598,5674,6171,6264,637,6405,719
2200;6544
2201;6387
2202;164
2205;5177,6058
220;1334,1917,323,4069,484,5331,5552,6916
2216;4450
2219;6757
221;3866,4079
2220;2084
2221;1018,6666
2224;2820
222;6338
2230;5520
2231;391
2234;2757
223;2561,3738,4238,5814,5976,6664
2240;2086,6864
2241;1573,6457
2247;3949,5679
224;2705,54,727
2250;6207
2251;1669
2254;5651
2255;114
225;6749
2261;4551
2264;1570,5826
2265;220
2267;171
2269;6993
226;548,550,816
2272;2779
2277;81
2278;3904
227;2520
2280;167
2283;3274
2284;3909
2286;5443
2287;4304
228;1591,6900
2293;5524,5605
2296;1121,4392
2297;1187
2298;44
229;1991,2358,6065,7178
22;1447,1792,1957,2008,2056,2182,2548,2608,2743,285,2865,3109,3198,3517,3635,3712,3829,4162,4506,465,5163,5372,6904,7115,899
2300;6669
2302;1178,5227
230;1163,2347,3147,4023,5975,6079,673,7084,7104,7181,736
2310;2327
2312;2065,3296
2313;1680,202,6722
2314;6866
2315;1642
2317;175
231;545,569
2320;6411
2328;2342
232;117,3300,3321,4594
2334;2391
233;1201,3356,4825,4937
2349;5717
234;2191,3549,4166,6808
2350;3219
2351;204,6668
2352;166
2356;1695
2359;6764
235;2704,4260
2363;2014
2364;5425
2368;2460
236;1895,2952,3342,4437,5450,6147,6637,695,770
2373;49
2376;2469,3251
2377;6299
237;2736,643,687
2381;3965
2385;6352
238;154,1639,500,5936
2393;1137
2395;2081,4938
239;1507,2701,4,6552,7083
23;1479,1776,1926,1932,1934,2031,2195,2224,2278,2310,2392,2734,2856,3058,3127,3174,326,3519,3563,359,3645,3692,3700,3967,406,4287,4297,4532,4545,4607,4768,4786,4836,4945,5053,5119,5198,5478,5578,5642,5702,6133,615,6600,6984,893
2400;3922,844
2405;1198
2407;5444
240;1210,1702,3490,4738,4767,501,5786,6847,6860
2413;2426,6726
2414;2026
2415;4020
2417;6707
241;1428,3512,3605,4609
2423;821
2428;1253
242;2314,3350,593,6597
2431;5506
2434;4785
2435;4839
2436;3671
2438;1007
243;1736,5965,6033,7175,928
2447;5485
244;111,2772,574,5901,6068
2450;2430,3023,6638
2451;4298
2457;5133,5337
2458;5299
2459;2432
245;1243,2706,3400,744
2461;3448,5967
2462;1177
2464;5497,6239,882
2467;1749
246;2373,310,3725,4743,5877,6285,6465,7039
2470;2329,5184
2472;2416,5531
2473;2404
2477;7060
247;1575,5915,5988,601
2480;957
2485;2085
2487;2838
2492;5830
2494;4578
2496;5050
2498;5033
249;1842,2565,4463,522,5680,5843,6678
24;1070,1191,13,1408,1581,1888,2908,3255,3271,3444,3469,3612,3808,4213,4592,4980,5008,5376,5608,5654,5858,5982,612,6512,6636,6898,715,753
2500;3918
2504;4377
250;1038,1200,2652,4189,4671,4736,6347,6497
2510;239
2513;4289
251;10,2494,3935,4698,5089
2525;5099,5920
2529;5617,6736
252;143,461,4755,632
2530;2006
253;2562,2971,4714
2540;222,2884
2543;3534
2546;5496
2549;7063
254;3307,6958,7139
2551;2016
2555;2082,988
2556;3713
255;5944
2567;200
2568;6059
2569;1015,2387
256;1374,2496,2948,3574,3724,3991,4874,53,7138
2575;2818,3157,5838
257;1357,3717,474,5981
2580;7051
2581;1656
2582;1092
2583;5297
2588;5118
2589;2397
258;260,3390
2591;3385
2592;5293
2594;4386
2595;1203,38
2596;6978
2597;6778
259;1257,1588,2208,329,415,5081,6170
25;1036,1473,1643,1758,1816,2231,3299,3940,4219,4471,4494,4598,4610,5322,560,606,626,6328,6417,644,6440
2600;2659,46,6206
2604;786
2606;1250
2608;6647
2610;2490
2613;6322
2618;631
261;4425
2620;4651
2621;2361
2625;1208
262;1701,1801,1827,2313,324,3372,3441,4065,4984,5001,5211,5977,6222
2630;4408
2631;2482,6026
263;1125,1665,6653
2640;2537
2641;4560
2643;3417
2647;43
2648;772
2649;6326
264;2420,3050,3990,5829
2650;5107
2653;1636
2655;2498
2656;6245
265;1310,1460,4911,5737,7009,766
2661;221,4227
2663;2057
2667;6372
266;1399,1596,2791,2916,3771,4030,517,7116
2671;3326
267;2456,4351,467,480,5373
2680;185
2683;1395
2686;1960
2687;1634
268;2366,2837,3970,462
2690;830
2691;2116
2697;4226,633
269;1331,4303,5326,5534
26;1056,1283,1418,1796,1813,1835,1876,1998,2022,2171,2234,2411,2519,256,2633,2675,289,3236,3375,3392,3427,3487,3756,4112,4312,4378,4493,4627,4693,4812,4847,5228,5286,529,536,541,5591,5607,5780,5888,6286,6579,6777,757,917
2700;4359
2703;5083
2704;3343
2707;7059
2708;6356
270;1819,1946,3723,5407,549,6953,799,93
2712;2950
2715;2406
2717;6752
271;2128,2150,5377,5987
2720;937
272;1382,1810,2464,332,521,558,5606
2731;1275
2739;6814
273;2203,567,6510
2740;4111
2743;1980
274;1170
2750;6219
275;3884,6576
2762;6306
2766;6780
2767;1637
276;1046,1688,2402,4663,6080,7098
2774;2383
2776;1211,4288
2777;4401
277;2588,3477,495
2780;5746
2782;843
2788;2325
2789;955
278;1172,2381,870
2790;6025
2793;5956
2795;1652,2451
2798;3021
279;238,2492,2816,3895
27;1403,1409,1975,2215,2307,3036,3594,3761,4257,476,5057,5316,5593,6588
2800;4567
2801;5271
2803;2020
280;2805,3333,4502,617
2812;4689
281;2192,2587,7038
2822;3467
2828;1648
2829;4271
282;138,218,2666,3126,4814
2835;4451
2838;3731
283;141,470,640,8
2840;2007
284;3049,553
2857;4724
285;1159,1197,3639,5865,6483,7058
2863;4688
286;1500,460,555,7171
2871;3279,3433
2875;5239
287;1375,2486,294,4641,5214
2884;3664
2885;3335,4042
2887;6368
288;2973,556,6169
2890;4966
2891;3281
2897;4445
289;1176,1513,233,3045,4129,4223,5108,5762,6902,6915
28;1288,1552,2135,2165,2428,2739,2910,3086,3344,3795,3827,4614,4903,5151,646,6670
2900;4809
2904;6646,962
2908;6727
290;1169,1378,2474,493
2910;4764
2912;6681
291;1343,1348,4384,4621,5055
2920;6567
2925;5399,6695,860
2927;1668,2762
292;2560,398,449,4603,7106
2932;1148
2938;2713
293;5500,57
2940;4790
2941;3819
2943;5770
2945;5096,7161
2948;3729
294;1102,1517,1777,2528,3659,5371,6083
295;1218,1454,1858,2250,229,2691,355,396,4302,475,4946,5338,780
2963;6721
2968;112
296;3432,6606,751
2977;3874
2979;4650
297;1182,1379,1604,2242,3504,4037,4817
2980;807
2985;6919
2988;2414
2989;2442
298;2149,2184,4412,5789
2996;3600
2999;2584
299;1168,1372,485,5116,5330,6998
29;1516,1712,2740,2747,3098,3135,3144,3437,3873,4076,4244,4342,4472,4606,4697,5356,563,5896,6305,641,654,7026,915,921
2;3196,3546,3966,5707,5732,5911,6361
3000;2954,3016,5849
3002;4640
3006;5095
3008;2050
300;1562,3025,3312,4771,4833,4895,5468,5856,625,6599,6925,7112
3010;4557
3011;3958
3012;6324,985
3016;1645
3018;7022
3019;2351
301;2674,5463,5464,6964
3020;1743
3021;1823
3025;2499
3026;1661,7015
3029;5507
302;1196,1346,341,4234,5220,6108,6120
303;2249
3043;52
3048;116
304;2527
3050;6461
3055;6061
3057;2398
305;2669,2699,5884,61,6559,6689,7110,7137
3065;2447
3069;802
306;2657,4547,519
3071;6738
307;6542
3080;3854
3082;163
3083;6607
3084;6639
3085;161
3088;4851
308;1572,2378,353,3710,661,669,681
3093;858
3094;2497
3099;2334
309;1401,6492,760
30;1094,147,1773,1798,2019,2193,2862,2909,2955,2958,2978,3492,3571,3822,4097,4249,4458,4473,4510,4823,5015,520,5391,5393,5408,5683,5854,5925,6240,6268,6592,6654,6661,900,91,951
3100;3031,3751,4275,4957
310;3323,5895,5954
3115;5131,6693
311;1594,2222,2800,2887,3263,4103,452
3123;6735
3125;1635
3126;6062
3127;4469
312;1396,3017,309,3494,389,4024,5060,7006
3130;5530
3132;2614
3133;3280
313;1333,1351,2243
3144;5117
314;1611,5390
3156;3897
3158;5681
315;4548,6400
3162;2576
3165;4822
3167;6501
316;7132
3176;210
3179;6392
3183;2133
3185;1650
318;2690,6159,6651,6759
3198;6779
319;596,6060
31;1037,1514,1809,2166,3500,3943,4027,4156,4366,4509,4827,4926,528,5312,5363,6056,652,7053,7147
3204;3838
3205;7162
3206;1976,3950
320;3495,3556,3736,4744,4863,6377,6491
3210;5170
3218;1276
321;544,6432,6861
3228;1828
322;1456,2913,322,3453,6469
3231;4554
323;2421,436,6261,7134
3241;6152
3244;130
3245;223
324;1101,2863,679
3250;1660,5909,779
325;1120,1349,1365,1577,2769,3615,4508,502,5704,7107
3263;4035
326;1186,20,4167
3276;3406,5498
327;3438,4597,466
3281;2944
3282;3606
3283;855
3287;4479
3289;2123,857
328;1242,1802,1860,2532,2682,4323,4664,5461,5886,6358,6402,6724
3292;5491
3294;1718
3295;3378,5111
3297;5295
3299;859
329;441,4608
32;1900,2204,2385,2707,2718,3353,3561,3622,39,4115,4161,4280,4648,50,5129,551,5532,5940,6144,6252,6412,729
3301;6650
3302;884
3304;5926
3305;4034
3307;1620,6196
330;1340,2890,3429,6348,6991,847
3310;1640
3314;2708,6946
331;3839,440,6184,6200,6468,7066,960
3321;4936
3327;6357
332;3969,6444
3330;5395
3331;1997
3337;1979
333;1499
334;5362,7037
3350;4811
3358;2069
335;1683,1837,211,3491,3689,4012,5974
3360;4279,5042
3362;1326
3368;1618
336;3468,494
3373;6934
3376;5963
3379;4276
337;2964,4588
3380;6995
338;1453,1855,423
3392;1644
3396;1074
339;458
33;1822,2124,2291,2476,2685,2842,2867,3007,3014,3139,3178,3320,3452,3583,3693,3697,3726,3844,4127,4281,4460,4464,4470,4476,4854,4894,5073,5138,552,5690,5724,5928,7172,722,875,918,944,949,950,953
3400;4344,6167
340;1654,5597,6277
3410;983
3412;822
341;1592,320,3257,4587,6069,7085
3425;6813
3428;1042
3429;4550
342;2827,2959,3986,4381,5072
3433;6373
343;4901
3442;4934
3445;3833,6564
344;4417,5768,6812
3452;2543
345;1471,2502,2720,6210,906
3460;5906
3463;1649
3465;2044,6235
346;30,3361,4426
3470;990
3475;7046
3478;6765
347;2710,4137,5990
3488;887
348;1373,1617,321,4753,543,5996
3490;979
3494;5495
3495;6217
3497;2400
3499;4556
349;438
34;1737,1757,3073,3111,3121,3719,4170,510,5427,6109,6316,6415,7035,705
3506;6309
350;2550,2972,3673,4326
3510;3688,4365
3517;5745,6797
351;1258,2725,2941,4732,5182,5898,6148
3520;6443,6563
3524;4996
352;1601,2889,3482,4264,4834,5910,655
3531;788
353;1175,1487,1605,2239
3543;1016,987
3548;804
354;2273,3532,5586,639,7034,709
3550;6295
3556;3817,4935
3557;177
355;1501,5832,5964
3566;4299
356;4633
3573;2917
357;1338,134,2452
3584;933
3586;5708
3589;6205
358;2947,3581,3764,4505,546,6123,6828
3595;984
3599;4308
359;1329,1451,5334
35;1423,2119,2144,2255,2261,3099,3124,3927,4217,4559,4582,4871,4877,5667,6086,65,6568,6810
3607;3617
360;2254,2340,2937
361;1847,3668,4731,6231,6706,7067
3622;6732
3627;2052,5653
3628;2942
362;2891,666,7033
3630;6418
3635;4134,938
3637;826
363;6977
3642;6156
364;1221,1950,2372,337,424,5103,5989,6632,6803
3650;5224,6924
3652;3781
3655;878
3656;4044
3657;2399
3658;916
365;3249,3831,5853
3661;3527
3665;5862
366;726
3671;3515
3673;1146
367;1309,227,3412,442,572
3680;3655
3688;1785
368;5615,746
3697;1156
369;2434,3588,5851,6346
36;1077,1222,1762,2109,216,2221,2283,2415,2591,2732,3108,3341,3530,3721,3773,4067,4291,4327,4353,4490,4534,4908,5715,5913,6613,6921,7080,908,961
3700;828
3706;4043
370;298,4787
371;1150,270,3149,5752,6910,7049
372;6867
3730;4274
3731;6325
3734;1110
3735;3744
3736;3182
373;4700,5071
3743;6762
3745;4358
374;100,1593,1780,2517,3850,5850,6344,901
3753;5505
3755;4347
3756;5904
375;5240,577,6329
3763;1151
3769;2049
376;1441,1452
3773;1982
3779;885
377;4708,5210,6880,6908,7001,7036
3782;1050,1155,4553
3783;1670
378;3206,3862,5233
37;1478,3013,3396,4247,523,634,6375
3800;3747,4362
3806;4361
380;2882
3816;4994
381;1268,422,6158,7119
3827;1085
382;1098,6883
383;4706
3848;835
384;2183,351,395,4328,5152
3850;2595
3854;3254
3855;217
3858;3019
385;5344,6008,665
3868;4363,929
386;755
3872;4549
3877;3288
387;2457,2829,4969,5548
3887;1990
388;1352,5685
3897;2569
389;6273
38;1759,1766,2268,2751,3199,3291,3757,4187,4896,490,5132,5319,5368,537,538,5441,5599,6524
3900;813,856
3901;1082
3903;6897
3904;1738,6954
390;3548,455,477,6972
3911;5861
3920;845
3921;5952,6644
392;1344,4565,6907
3930;2080
3931;5296,5730
3934;3628
393;3666,4053,4265
3940;5837
3946;3376
394;1327,6520,7094,998
3950;5439,795,982
3951;4364
3955;3566
3959;3340
3962;2053
3963;877
3967;4376
3968;2332
396;1341
397;1609,3979,446,6188,6853,7153
3981;2072
3982;2003
3989;6211
398;426,6704,6914,6996
3990;1767,2566
3991;3266
399;1679,3882,5332
39;1426,1466,1467,1502,1713,1716,1735,1753,1857,2236,2257,2661,2835,297,3010,3305,4032,4176,4177,4241,5222,5741,5899,6250,6341,6496,6603,6604,752,94,946
3;1719,1911,1924,2185,3650,3683,3696,3944,400,401,4021,403,4341,4457,4475,4844,4922,4985,5012,5645,5706,583,585,6312,6460,6519,6589,6849,6987
4000;3911
4006;6838
400;1667,2377,4444,5187,5650,6320,6442,6551,684,811
4012;4572
401;3518,4245
4020;6761
4021;4422
402;5738
4033;5529
4035;991
403;2120,4155,4404
4040;2055,5824
4043;5309
4045;1008
4046;2051
404;2812,4432,4866,667
4054;2075
4056;4647
405;1430,1613,557
4065;3551,881
406;3706,5950
4074;812
4076;823
407;1264,431,4411,451,479,836
4088;2350
408;3332,3907,4440,4701
4093;3580
4095;4403,849
409;7021
40;1503,2870,3579,4160,4208,4239,4780,5173,5229,5273,5643,5748,6827,7146
4100;3912,3925
4105;931
4108;4995
410;1492,2655,2723,2765,2934,3868,4074,4726,6774,6805,6851,7100,958
4115;992
411;1259,2828,2930,6957
4124;6933
412;1335,1420,1657,2579,2876,5966
4135;2468
413;1841,5031,6956
4145;889
4148;5908
414;4128,7126
4150;1149,5573,6212,6938
4154;3258,3984
4157;5120
4167;888
416;1181,6884
4170;4405,7020
4173;5626
4176;792
417;319,453,7000
4181;4273
4184;2054
418;3778,6631
4198;896
4199;1733
41;1165,1511,1970,2194,2733,3225,3742,4596,4924,5394,6941
4200;4370,6920
420;2612
4212;2600
4215;2064
4216;3957
421;3161,3523,3699,6507
4227;3318,4430
4229;3961,5251
4232;266
4236;777
4237;3235
423;1231,4747,5592,6015
424;1064,365,4439,6281
4251;2292,810
4258;854
425;2066,370,4197
4260;4864
4261;2068
4265;964
4269;5942
426;2692,7010
4272;4964
4277;1729
427;128,1510,158,2364,2783,3784,4058,4283
4280;6216
428;1219
4295;1013,3611
4296;6717
42;1127,1550,1927,1971,2230,2693,2794,2980,3277,3414,4049,4236,5386,539,6254,627,6667,7180
4300;6386
4307;2040
4308;6979
430;2349,2960,421,6378
4311;5601
4313;6263
4314;6945
4315;4561,6594
4316;3872
4317;5907
432;2440
4339;1709
433;1123,1314,1330,1658,3204,3358,366,4056,471,4919,6275
4343;4562
4347;880
434;3131,3484,6403
4353;5919
4354;819
4359;976
435;3407,781
4360;838,936
4364;3168
4365;4006
4368;1105
436;1240,1689,6307
4382;798
4390;2949
4396;4338,5086
4399;789
439;3370,3609,4861,5609,6577
43;1561,1938,2038,2077,2093,2606,3078,4149,4243,4531,4862,5483,5604,5691,5983,623,6656,710
4404;5088
4405;6204
440;1595,5648
4415;3585
4416;2599
441;2857,3559,5158,5392
4421;852
4423;1093
4429;5568
442;688
443;1339,3722,4536,4712,5186
4444;794
4446;5972
444;5020
4452;4413
4456;3962
4457;5250
4458;775
4459;2073
445;5411,6807
4462;1739,6982
4469;930
446;1383,4062,5029,5189,6848
4473;3780,6506
447;6538
4480;2642
448;472
4492;5698
4497;5618
449;2353,2830,419
44;1443,1506,2168,2841,2996,3352,3522,4031,445,4503,4583,491,5359,5562
4500;3916
4503;5252
4505;952
450;2951,4008
4515;6619
4517;800
4518;215
451;3879,6508,7029
4520;824
4522;2041
4529;3185
452;1358,4923,6557,6976
453;1381,4683,6472
4541;6561
4547;839
454;3485,3657,6408
4550;1144,2136,4796
4557;5019,5303
455;2514,6122
4564;2078
456;1490,5782
457;3188,4307
4580;4331
4583;6756
458;1391,5992
459;1249,1366,2376,2963,3006,3030,3568,427,5431,5736
45;1369,2060,2265,2390,2903,3066,3413,4028,4119,4491,515,5230,5467,5543,6186,6744,7004,7144
460;4655,5785
461;188,2413,565,5739,761
462;3055,4659
4636;5652,883
463;2256,226,236,5254,5261,649,6753
464;1332,1728,3208
465;1610,345,817
4660;5697
466;262,5279,6438
4672;3186
4678;1147
4680;986
4685;2328
468;1188,5191,6482
4697;6748
469;2824,3221,468,7128
46;1030,1435,1586,1793,2586,2634,2778,2874,3042,3080,3173,3347,3584,3733,3887,3989,4595,5124,5692,597,6267,891,965
4700;6584,797
470;1345,3260,4856
4714;6509
4719;3382
4726;3310,6209
4728;2137
472;2625,2709,2792,5149,6034
4733;5912
4740;825
4744;3851
474;2024,3621,4263,4897
4751;6353
4759;5620
475;2886,3027,6214
476;4171,489,6663
4778;1751,6698
477;2831,3289,3616,5003,6608,73
4780;834
4787;4962
4789;3395
478;2429,3003,6426
4796;2110
479;1370,416,4734
47;1464,1703,3041,3298,3301,3354,411,443,540,6201,724
4812;6570
481;2525,2785,425
4823;5859
482;2808,4064
4830;3995
4836;3730
4838;3741
483;2615,3462,430
4845;977
4846;848
4848;2017
4849;6618
484;1481,1768,3886
4850;1732
4853;3533
4858;3818
4859;1133
485;1444,2843,4324,5172,6905
486;6499
4875;801
487;3286,4766
4886;805
4887;980
488;3573,6303
4895;5276
4898;4963
489;162,1787,3293,3934,656
48;14,1463,18,2000,2104,2546,2573,3012,4163,4164,5062,5321
4900;6918
490;1436,629
491;1390,3442
4920;2071,4566
492;1363,1945,241,2989,4568,6787,7025
493;4526
4940;851
4941;5625
4945;6739
4949;2589
4952;1710,2062
495;1450,2509,3163,333,6906,806
496;124
4974;4100
497;1770
4989;1769
498;4577
4997;6220
499;1072,1236,4060,5125,5766,6872
49;1095,1246,1715,1817,1825,3052,3053,3084,3176,3687,3869,4018,4591,4735,5028,504,5144,5454,582,5892,5953,5986,6502,6583,6841,6927,7013,914
4;1722,1939,2575,3489,3636,4462,4465,4775,4776,5934,6094,6289,6409
5000;3732
5007;1014,2702
500;1439,2986
5016;1745,3981
501;3774,4722,5410,6118
5020;1109
5024;5308
502;437,591,7089
503;725
5040;5017
5045;3230
504;3234,7152
5059;2045
505;1397,2186,2290,2624,3849,6021
506;3388,674
5072;5101
5078;850
507;693
5080;3815
5082;1132
5085;3046
5089;1011
508;3472,4702,4799
509;2628,2943,4530
50;1126,2092,2232,2540,2907,2911,3008,3083,3107,3130,3158,3394,4106,4452,4501,4540,4762,4802,5025,5232,524,5438,5470,5533,6166,6350,683,6830,832
5100;1091
5102;4045
5105;994
510;1524,3339
5112;3184,5018
511;5788,6040
512;1337,2681,6633
513;2639,478
5140;4389
5141;1797
514;2825
515;456,5075,5727,7101
516;3481
517;5831
518;330
5192;1134,5705
519;4352
51;2266,407,4126,5325
5200;4334,5519
522;1458,28,4826
5239;1647
523;1290
5240;4643,6820
5242;2046
5250;831
5256;2042
5258;1775
525;1304,356,6783,963
5267;2127
526;488,5668,59,6641,6755
5278;5305
527;1167,6615
5282;1
5288;6283
528;2578,447,6119,6526
5298;4555
529;1293,1307,3002,3365,5918,6700
52;1055,1100,1804,1808,1933,2178,2284,2441,2686,2965,3423,3680,3695,4600,4791,516,611,6340,7086,814,853
5300;773
5301;5621
5310;2043
5313;840
5315;783
5318;5044
531;4733,6474
5325;784
532;4850
5330;3814
5333;1799
5336;1117
5340;833
5348;993
534;3020,3311
5350;3647
5355;3779
535;1229,206,3514,5451,5866
5382;2074
5388;3
538;1347,2983,3665,689
539;3125,5916
53;1195,2259,314,339,361,4122,4615,4860,4885,5030,5065,5257,568,5728,6132,6622
5403;2900
540;4394,4773,4878
5410;4332
541;3211,72
5425;7062
5429;2938
542;3454,4838,5077
5430;6973
5431;3529
543;5802
5440;2048
544;3623,5328,6929
5450;5511
5459;1041
545;1692,6163
5462;4449
546;3381
5479;2131
547;3430,5758,6745
5480;1673
5483;4270
5486;1989
548;1174,3142,4719,660
5499;796
549;5022
54;1154,1437,2282,2395,3240,3391,3740,3994,4089,4118,7140
5500;1088,4113
5506;3521
5509;1747
550;1099,3891,6236,6515
5512;6733
551;2375,2912,4282,4409
5525;5180
552;3202
5536;1116
553;247,2564
5548;5661
5549;3373
554;6643
5550;3782
5558;793
555;60,6484
5561;776
556;6127,697
5575;4311
557;4657
5585;790
5586;5747
5587;925
558;1162,4072,4754,6084
559;3403
55;1406,1521,2214,2316,3009,3072,3422,3908,4586,5038,514,5366,6369,6674,6806,7177,864
5600;1633,6562,808
5609;7019
5618;926
561;5076,6456
5622;3601
562;3129
5636;5860
5640;3856
5643;1010
564;1247,2945,7117
565;1707,2409,5510
5662;3348
566;7054
5673;5742
567;7131
5680;4109
5687;2601
568;2122,315,5110,5761,6182
5696;6335
569;192,6001,6705,7124
56;1322,137,1587,1815,1844,1845,2458,2556,26,2869,3054,3642,3786,4026,4902,531,608,651,653
5700;782
5709;4466
570;3160,6819
571;5774,6549,6911
5732;5546
573;3303,4652
5741;2058
574;1266,2384,2774,4050,4330,5122,5333,5695,6194,7061,7118
5755;5128
5759;5179
5763;1671
5778;935
577;5801,6244,6463,6614
579;3001
57;1699,2412,2998,3069,3140,3550,417,5357,5378,5941,630,6582
5800;4574,5600,5813
580;1328,3520,3598,6747
581;1251,1534
582;6101
5830;6419
5838;3287
583;6130
5846;2061
584;1060,1350,4750,5596,7150
585;5806,7057
586;129,1488,6057,6478
5877;1978
587;1336,1576,2654,2787,3285,3705
5885;3956
5889;4117,4446
588;1988,3789
589;3384,3411,7127
58;1899,2269,2752,3092,3397
5900;5689
590;2712,3825,3880,4653,5718
5918;4039
591;2108,5225,948
5932;4959
5939;5594
593;6141
594;198,4147,4569,5805,6296
5951;2602
5954;5512
5956;1755
5957;5622
595;2689,4686
596;5999,6550
5978;1084
597;1160,4007,4658,5481,6950,721,741
598;4038,4672,497
599;275,3471
59;1417,1496,1705,1746,1892,2324,2470,2530,2632,2777,29,3064,3171,3180,4436,4468,4675,4763,4800,5135,5370,5935,6595,678,7093,895
5;1590,1864,1866,1870,1874,1879,1912,1953,2154,2289,2700,3576,3660,3828,4085,4086,4248,4396,4487,4488,4810,4870,4875,5298,5635,5678,6173,6493,6505
6000;3896,6494
6007;5696
600;1569,2107,2396,3028,4770,4772,5433,6635,6890,7096
601;2288
602;1356,454,5722
6033;1761
6035;1782
603;4402
604;4261,4751,4849,6909
605;1603,2607
606;2694,3599,5175,5435,6271
6070;1111,4666
6079;2627
607;1602,2146,2235,3451,4807,7003
6085;4961
6090;6824
609;1185,5137,6691
60;1263,1431,2745,2871,3363,3809,3871,3974,4504,4707,5202,5646,5798,5921,6370,6590,6648,7023
6104;1742
610;5835,6459,698,6997
6112;1727
6117;4333
611;3316
612;3269
613;5402
6145;6489
614;302,4757,4981,6975,7027
6159;3582
616;1097,1237,4845
617;2417,2923,4168,5765,6359,7182
6186;6371
6187;3596
618;3459,3883,492,6447
6190;3565
61;1362,2368,2422,429,4380
6201;5516
620;3525,5558,6145,6540
621;4210,5285,6397
622;113,1238,2823,486
623;1295,3906,6450,6782,7074
624;3754,3783,5004
6250;4350,5767
6259;5304
625;3399
6264;3983
626;1608,3262,3516,6164,6989
627;1045,1748,2148,4215,4824,4879
628;107,1269,1469,5756
6296;1778
629;1388,3864,4407
62;1053,2098,2726,2984,3085,3233,3526,4059,4646,4928,5580,6110,6711,892
630;1265,21,2382,2817,3035,3420,4543,4848,6424,6895
6312;2635
633;2475,3216,4661,5735,6208
6348;3562
634;1509,685
635;194
636;1574,4699
637;2418,4713
6380;1115
6388;3166
638;2771,4927,5759
639;2786,3775,62
63;183,2170,2465,3110,3123,3210,4120,4520,590,645
640;2672,316,387,7102,829
6415;5307
642;2211,4211,450,6539
643;5234,5556,7047
6449;1087
644;4000,435,5577,6000
6451;3787
6454;3554
645;1271,3426
646;2489,3727,4869,6610,6816
6472;4041
647;3201,5807,6258
648;1684,785
64;2103,2485,2737,2905,2995,306,4612,4859,5775,6719
6506;1089
650;3338,3589,5206,5219,5962,6652,82
6527;6581
652;193,7007
6537;3223
653;1039,120,2388
6548;3975
654;6102
655;3801,4912,5162
6562;6218
656;1047,1270,1547,1711,2331,4915,5049,5960,6097,6228,6458,6750,6931,92
657;4840,6266
6580;4336
6588;5035
658;2883,2966,5063
659;1308,2664,2897,307,7040,7070
65;1035,1470,1638,2233,2367,3087,3106,3401,408,4131,532,720
6606;4040
6609;3953
660;3803,5930,6238,6791,6992
662;1106
6631;6466
663;2169,2822,3215,4193,5486,5931
6649;5301
664;2238
665;594
666;2676,388,5563,6176
6685;3493
668;1320,3875,6174,6310
669;1078,3816,5922,7154
66;1066,1079,1421,1744,2021,2030,2756,3292,3682,3690,3941,4104,4130,4190,4669,4723,5040,5340,587,6500,6665,894,924
670;2796,3707,5959,7043,7133
671;135,6187,6602
6723;5098
672;3607,4154
673;4951,5897,7121
674;6076
675;195,662
6764;4419
676;1542,1694,4758,6598
6778;7016
677;2453,3630
678;5406,6894
679;1691,2114,5779,6453
67;2036,3000,3133,3141,3150,3371,3752,3985,4605,5317,5610
680;2592,2898,5471
6813;5825
6814;5306
681;513,635
682;2793,3799,3964
683;3359,3797,712
684;3264
6858;1987
685;2354,2826,3878,4207
686;3483,4749,6708
6871;2593
6877;3959
687;1949
6882;5619
688;3337,5398
689;6795,748
68;1966,2032,4242,4266,4539,56,671,7032
6903;3170
690;2117,3926,4373,4777
691;3506
692;2815,433,4943,6686
693;1386,6007,6131
6941;1108
694;6116
6955;2605
6959;1083
695;3434
696;5472,6287
697;1523,6413,6476
698;4379,5699
6990;6935
699;257,368,3947,7114
69;1076,1756,2640,2848,3097,3674,3755,4524,4542,5010,5183,5499,5672,622,6464,6612
6;11,1422,1518,1662,1698,1865,1886,1905,1985,2013,2151,2264,2868,2976,3362,3524,3846,3899,4340,4483,4498,4599,4626,4774,4779,5426,5460,5527,5611,5633,5634,5750,6276,6799,6801,6821
700;2141,2924,6488
7012;5662
7014;3982
701;4890
7034;6475
703;3968,5079
7050;3810
705;2920,5037,5196,6038,6191,706
706;4075
708;6179,6873
709;5419,6005
70;1180,1468,1925,2271,2285,3759,4135,4584,4623,5009,5612,6688,7174,756
7100;5755
7102;6965
710;3503
7119;4956
712;2113,4142,5955,6869
7135;5310
713;172,5773
7141;1795
7143;6479
714;5456
715;2877
716;3587,4321
7171;5623
717;2926,6098
718;1220,3194,6433
719;386,5595
71;199,2309,27,5847,6139
720;2918,6528
7216;3746
721;2198,2673,4415,7079
722;5842,6031
723;3497,4200,6516
724;3153,4842
725;264,2641,6073,6434
7260;4960
726;1387,5995
727;3595
7284;4399
728;1298,2636,2850,3597,5167,5268,6161,6896,7108
729;140,157,3005,4205,5420,6893
72;1255,1944,1992,2322,2379,2651,2773,296,3905,45,4635,5235,5400,5772,5883,6425,6677,6959,7155,904
7304;2538
730;6051,6355
7316;1764,4575
732;1272,278,3993,4632,5929,6154
7332;2975
7340;5917
734;1069,4191
735;4748
7361;1771
7383;5570
738;2767,6451
7396;1090
73;2105,2729,3070,3572,4063,4899,5657,6575,6943
740;4843
741;1540,675
742;3788,5178
743;189,4209
744;3455,5457
745;5141,5753,6503
748;2795,3651,4286
749;7028
74;1315,1760,1968,2703,2735,3015,3060,37,3760,4136,5043,5068,580,614,749
750;2638,2915
751;1065,1393,2637,2819,2885,2928
752;1947,6407
7539;5302
753;6072
7543;2508
754;6601,6746
755;1690,335,3806,4705,6383,6758
756;2914,3486,6272
758;1678
7590;5764
759;3480,4004,5998
75;1054,169,2089,2286,2312,2697,3026,3308,3684,3870,3942,4180,4522,4590,4649,482,5248,573,6028,7081
7600;1772
760;22,2365,6070,7135
761;109,1740,2715,2766,3535,5169,7082
762;2563
7630;1080
763;2134
764;2814,5123,6082,6734
765;3704,5052
7661;3734
766;5790
767;2374
7680;5282
768;1482,2205,4427,7071
769;2809,2936
76;1166,12,2039,2459,3637,3859,4511,4730,6554,6642,690,869
7700;3919
7707;6634
770;1118,1354,3410,4179,4891,6428,6800
771;1303,3930,5488,975
772;1135,3578,4346
773;4204
7749;1081
774;3948,5188
775;6093
776;6175,734
7779;4461
777;2922,3435,6486
778;1544,3425,6523,6625,6881
779;1291,6126
77;2094,3465,4846,4876,6690,6833
780;70
781;1681,5969
7820;5253
782;1483,3250,3840,7145
783;159,5624
7841;2551
784;2438,5218
785;1448,6136,676
786;2423
787;4296,4420
788;1248,4898
7892;5517
789;1493,5822
78;1029,2162,2790,3229,3313,4252
790;1353,2163,6260
7918;3915
791;1531,2784,3270,5710,6155,6569,657
792;133
793;6129,6885
794;1530,3466,364,879
795;3428
7960;6333
796;1299
797;3366
7989;6593
7990;3920
799;4057
79;1173,1474,1851,1898,2888,3511,3929,4434,5247,5318,5873,6420
7;1400,1508,1527,1717,1750,1814,1821,1880,1897,1902,1909,1920,1999,2228,2246,2295,2305,2306,2731,3329,3743,3898,3945,4002,404,4077,4108,4232,4253,4254,4477,4478,4521,4523,4528,4529,4541,4816,4884,496,5027,5193,5194,5237,5537,5603,5703,5874,5891,6203,6230,6279,6300,6401,6697,6949,898
800;1537,170,4145,4382
801;2925,392,6354
802;3824,4175
803;2580,5613
805;4202
806;2226,6168
807;1579,6429,7149
808;4369,5192,5754,6010,6224
809;3402
80;1152,146,1788,2197,2281,25,2572,3634,3811,4181,4349,4390,4784,487,5385,5447,6077,6282,6330,6337
811;2982,6020,6066,6901
812;3646
8136;5514
813;5721
814;228,2558,3798,4214
815;2567,3537,6052
817;1305
819;3577,4143
81;3244,3479,534,5565,592,5932
8200;3924
8202;5845
820;2301,2935,397,7120
821;1297
8229;1783
823;1404,253,3541
824;6863,97
825;6740
826;4704,5278
827;292,5289,6044
828;4395
82;1313,209,2187,2303,2427,2956,2992,2997,3082,3120,3685,3954,4718,5245,5413,5693,5840,5869,600,6075,6832,7097,941
8306;2534
830;2493,6729
831;2797,6628
832;4141,6436
8333;2656
833;6002,6053,6487,6854
834;2533,272,2932,4184,4335
835;4078
8360;2618
8361;2570
8365;6694
8367;6269
837;2798,3283,5114,6018
8390;2583
839;6343
83;1410,3785,4125,4194,503,5067,5541,5948
8405;2658,5513
840;3893,4949,5200,6225,6662
841;3633,5566,6730
844;1538
845;3226,6963
8466;1790
846;4014,5664
847;2881,5550
8485;6826
8490;5515
849;5452
84;1034,118,1226,1993,3445,432,4788,4815,7169,77
8502;2531
850;4139,4157,6135
852;2326
8530;5000
853;4644,5557
855;6435
856;1213,6036
857;1277
858;3865
859;5509,7156
85;1026,1057,1826,2028,2167,2315,293,3460,4631,5143,5526,5796,6970
860;3004,4952,6032,6626
861;2717,3325,6367
863;1023,1215,2799,5864,7136
866;1607,4146,434
869;2662,3800,4563,5828,6049,6229,6490
86;1202,1582,3105,4604,5980,636,6578
870;1020,1282,2472,3367,6786
871;3794
873;4371
874;3796,6251,6362
875;2619,5823
876;1526,4220
8781;4665
878;4828,7151
879;3977
87;1285,1475,2088,2189,273,3648,40,5361,5484,907
880;5448
881;5799
882;4140,5582,6431
883;1818,2495,3189
885;103,1385,6199
886;6768,6794,714
887;3243,4198
889;2620,3499
88;2025,2090,2240,2270,2518,4102,4105,4589,5066,609,6192,6237,7170
8917;2644
892;5554,6255,6785
893;4185
8940;7056
894;6012
895;2380
896;1563,237,2931,3272
897;6928
898;6128
899;2836,4165
89;1807,1963,2806,3061,3586,3627,3672,4921,5084,5212,5834,956,997
8;1104,1164,15,1861,1862,1868,1869,1877,1881,2029,2263,2577,2755,2994,3252,3357,3404,3569,3644,3772,3821,3955,4233,4495,4515,4638,5542,5628,5637,5781,6410,6525,6769
9000;3913
900;2581,2873,4682,6983,7055
901;1774,5958
902;2115,4003,6009
904;704
905;5453,5576
906;1022,2206,6421
9070;3835
908;3749,5329,6596
9097;2646
909;4756,5872,6543,658
90;1380,1720,1794,2597,2999,3193,32,4820,5102,5939,6113,6114,670,6710,6831,71
910;5267
911;4218
912;1244,173,5281,6274
913;1398,3346,4388
914;4797,6138
9151;2552
915;1279,1628,4267,996
916;2346,3143,6529,6716
918;3804,96
919;1128,1455,1545,232,4703,6318
91;1714,2160,4123,4240,509,5185,5437,6709,6843
9205;2541
920;2610,6999
921;6345
922;1554,3075
923;1274,5414
9246;3923
924;3458,3861
925;110,3768
927;5290
928;3951,6936
929;3837,5800
92;182,1928,203,2260,2267,33,3790,4251,4474,4694,5161,5355,5430,570,6265,913
9300;1961
930;5844
931;6617
932;5841
9334;4953
934;6311
935;1959,305,3148,4660,5740,6241,6308
936;1241
937;5174,5335
9380;3910
938;4406
939;1533,4685,6437
93;1192,2161,2277,2410,4231,5584,890
941;6137
942;4070,4230,5778,6048
943;1480,6003
944;3513
945;2063
948;2393
94;1103,131,1515,186,4080
950;6088,6181
951;1062,1171,4222,5416
952;6937
9540;2626
954;3715
955;212,2940,6630
957;5719
958;3508,4831,5176,6891
959;6162,6875
95;1025,1051,1549,2121,2223,2323,312,3681,3758,4013,4048,4285,4544,4717,4759,5105,5115,5868,5893,703,872
960;2545
961;5528,5937
962;3998
963;1616,7129
9649;2559
964;3207,3793
965;6223
966;4397,6172,6504
9675;4992
967;142
968;5342,6125,974
969;3334
96;1472,2258,2849,3102,3314,3629,3653,3841,5036,5056,692
970;5979,6117
972;6427
973;1294
974;3544,4221
975;4343,6246
9765;2585
977;6877
979;3777,6124
97;1498,1791,1951,2174,2643,3331,3593,603,604,7048
980;1567,3540,6301,6840,735
981;3457,3997,4052
983;6947
984;3238,4019,4668
988;148,5287,6042
989;1484
98;1059,1824,2201,2252,2571,3218,4066,4459,4818,5011,5209,5375,5436,5482,5769,5816,5863,6682,6855,7014,771
991;377,4752,5590,6291
992;1522
994;282
995;6134,659
996;6019,7030
997;1355,58,6234
998;6967
999;2833,47
99;1955,3134,3409,3632
9;1058,1873,1882,1896,1904,1914,1921,2145,2152,2153,2741,284,2977,3237,3315,3360,3405,3698,3830,3987,4121,4456,4482,4634,4679,4782,5026,5440,5455,624,6257,6404,6676,6703,873,902
