1000;975
10017;6606
1001;976
1002;977
1003;978
1004;979
10057;6607
1005;980
10061;6608
10062;6609
10069;6610
1006;981
1007;982
10080;6611
10089;6612
1008;983
10096;6613
1009;984
100;100
10102;6614
10103;6615
10104;6616
10105;6617
10106;6618
10107;6619
1010;985
10110;6620
10114;6621
10116;6622
10117;6623
1011;986
10121;6624
10122;6625
10123;6626
10128;6627
10129;6628
1012;987
10130;6629
10131;6630
10132;6631
10133;6632
10134;6633
10135;6634
10137;6635
10138;6636
10139;6637
1013;988
10140;6638
10141;6639
10142;6640
10144;6641
10145;6642
10148;6643
10149;6644
1014;989
10151;6645
10154;6646
10155;6647
10156;6648
10157;6649
1015;990
10160;6650
10161;6651
10162;6652
10163;6653
10164;6654
10165;6655
10166;6656
10169;6657
1016;991
10171;6658
10173;6659
10178;6660
1017;992
10184;6661
10185;6662
10186;6663
1018;993
1019;994
101;101
1020;995
1021;996
1022;997
1023;998
1024;999
1025;1000
1026;1001
1027;1002
1028;1003
10295;6664
1029;1004
102;102
1030;1005
1031;1006
1032;1007
1033;1008
1034;1009
1035;1010
10360;6665
10363;6666
1036;1011
10370;6667
10371;6668
10378;6669
1037;1012
1038;1013
1039;1014
103;103
1040;1015
1041;1016
1042;1017
1043;1018
1044;1019
1045;1020
1046;1021
1047;1022
1048;1023
1049;1024
104;104
1050;1025
1051;1026
1052;1027
1053;1028
10544;6670
10545;6671
1054;1029
1055;1030
1056;1031
1057;1032
1058;1033
1059;1034
105;105
1060;1035
10611;6672
10617;6673
10618;6674
1062;1036
1063;1037
1064;1038
1065;1039
1066;1040
1067;1041
1068;1042
1069;1043
106;106
1070;1044
1071;1045
10723;6675
1072;1046
10744;6676
10745;6677
10746;6678
10747;6679
10748;6680
1074;1047
10750;6681
10751;6682
10752;6683
10753;6684
1075;1048
1076;1049
10776;6685
1077;1050
1078;1051
10794;6686
1079;1052
107;107
10800;6687
10802;6688
10803;6689
10804;6690
1080;1053
1081;1054
1082;1055
10831;6691
1083;1056
1084;1057
1085;1058
1086;1059
1087;1060
1088;1061
1089;1062
108;108
1090;1063
1091;1064
1092;1065
10934;6692
10938;6693
10939;6694
1093;1066
10941;6695
10942;6696
10949;6697
1094;1067
10951;6698
10952;6699
1095;1068
1096;1069
1097;1070
1098;1071
1099;1072
109;109
10;10
11004;6700
11005;6701
11008;6702
11009;6703
1100;1073
11010;6704
11011;6705
11012;6706
11017;6707
1101;1074
11022;6708
1102;1075
11030;6709
11031;6710
11032;6711
11035;6712
11038;6713
1103;1076
11048;6714
11049;6715
1104;1077
11053;6716
11054;6717
11055;6718
1105;1078
11067;6719
11068;6720
11069;6721
1106;1079
11070;6722
11071;6723
11072;6724
11073;6725
11074;6726
11075;6727
11076;6728
11077;6729
11078;6730
11079;6731
1107;1080
11080;6732
11081;6733
11082;6734
11084;6735
11086;6736
11087;6737
11088;6738
11089;6739
1108;1081
11090;6740
11091;6741
11092;6742
11093;6743
11094;6744
11095;6745
11096;6746
11097;6747
11098;6748
11099;6749
1109;1082
110;110
11100;6750
11101;6751
11102;6752
11103;6753
1110;1083
11110;6754
11111;6755
1111;1084
11127;6756
1112;1085
11131;6757
11132;6758
11133;6759
11134;6760
11139;6761
1113;1086
11140;6762
11141;6763
11142;6764
11143;6765
11144;6766
11145;6767
11146;6768
1114;1087
11153;6769
1116;1088
11170;6770
11175;6771
11176;6772
11177;6773
11178;6774
11179;6775
1117;1089
11180;6776
11181;6777
11182;6778
1118;1090
11193;6779
11194;6780
11195;6781
11198;6782
11199;6783
1119;1091
111;111
11200;6784
11201;6785
11202;6786
11203;6787
11204;6788
11205;6789
11206;6790
11207;6791
11208;6792
11209;6793
1120;1092
11210;6794
11211;6795
11212;6796
1121;1093
11229;6797
1122;1094
11230;6798
1123;1095
11243;6799
11255;6800
11257;6801
11258;6802
11268;6803
11269;6804
1126;1096
11270;6805
11272;6806
11273;6807
11274;6808
11277;6809
1127;1097
11288;6810
1128;1098
11290;6811
11291;6812
11292;6813
11293;6814
11295;6815
11299;6816
1129;1099
112;112
1130;1100
11312;6817
1131;1101
11328;6818
1132;1102
11332;6819
1133;1103
1134;1104
11352;6820
11353;6821
11354;6822
11355;6823
11357;6824
1135;1105
1136;1106
1137;1107
11386;6825
11389;6826
1138;1108
1139;1109
113;113
11401;6827
11406;6828
11407;6829
1140;1110
1141;1111
11431;6830
11433;6831
11436;6832
11438;6833
1143;1112
1144;1113
11452;6834
1145;1114
1146;1115
11479;6835
1147;1116
1148;1117
11498;6836
1149;1118
114;114
1150;1119
1151;1120
11524;6837
1152;1121
1153;1122
1154;1123
1156;1124
1157;1125
11583;6838
1158;1126
1159;1127
115;115
1160;1128
1161;1129
1162;1130
11638;6839
1163;1131
11644;6840
11649;6841
1164;1132
11658;6842
1165;1133
1166;1134
11673;6843
1167;1135
11684;6844
1168;1136
1169;1137
116;116
11700;6845
11702;6846
1170;1138
11717;6847
11718;6848
11719;6849
1171;1139
11720;6850
11721;6851
11722;6852
1172;1140
11735;6853
11737;6854
11738;6855
11739;6856
1173;1141
11740;6857
11742;6858
11743;6859
11744;6860
11745;6861
11747;6862
11748;6863
11749;6864
1174;1142
11750;6865
11751;6866
11752;6867
11753;6868
11754;6869
11755;6870
11756;6871
11757;6872
11758;6873
11759;6874
1175;1143
11760;6875
11761;6876
11762;6877
11763;6878
11764;6879
11765;6880
11766;6881
11767;6882
11768;6883
11769;6884
1176;1144
11770;6885
11771;6886
11772;6887
11773;6888
11774;6889
11775;6890
11776;6891
11777;6892
11778;6893
11779;6894
1177;1145
11780;6895
11781;6896
11782;6897
11783;6898
11784;6899
11785;6900
11786;6901
11787;6902
11788;6903
11789;6904
1178;1146
11790;6905
11791;6906
11792;6907
11793;6908
11794;6909
11795;6910
11796;6911
11797;6912
11798;6913
11799;6914
1179;1147
117;117
11800;6915
11801;6916
11802;6917
11803;6918
11804;6919
11805;6920
11806;6921
11807;6922
11808;6923
11809;6924
1180;1148
11810;6925
11811;6926
11812;6927
11813;6928
11814;6929
11815;6930
11816;6931
11817;6932
11818;6933
11819;6934
1181;1149
11820;6935
11821;6936
11822;6937
11823;6938
11824;6939
11825;6940
11826;6941
11827;6942
11828;6943
11829;6944
1182;1150
11830;6945
11831;6946
11832;6947
11833;6948
11834;6949
11835;6950
11836;6951
11837;6952
11838;6953
11839;6954
1183;1151
11840;6955
11841;6956
11842;6957
11843;6958
11844;6959
11845;6960
11846;6961
11847;6962
11848;6963
11849;6964
1184;1152
11850;6965
11851;6966
11852;6967
11853;6968
11854;6969
11855;6970
11856;6971
11857;6972
11858;6973
11859;6974
1185;1153
11860;6975
11861;6976
11862;6977
11863;6978
11864;6979
11865;6980
11866;6981
11867;6982
11868;6983
11869;6984
1186;1154
11870;6985
11871;6986
11872;6987
11873;6988
11874;6989
11875;6990
11876;6991
11877;6992
11878;6993
11879;6994
1187;1155
11880;6995
11881;6996
11882;6997
11883;6998
11884;6999
11885;7000
11886;7001
11887;7002
11888;7003
11889;7004
11890;7005
11891;7006
11892;7007
11893;7008
11894;7009
11895;7010
11896;7011
11897;7012
11898;7013
11899;7014
1189;1156
11900;7015
11901;7016
11902;7017
11903;7018
11904;7019
11905;7020
11906;7021
11907;7022
11908;7023
11909;7024
1190;1157
11910;7025
11911;7026
11912;7027
11913;7028
11914;7029
11915;7030
11916;7031
11917;7032
11918;7033
11919;7034
1191;1158
11920;7035
11921;7036
11923;7037
11924;7038
11925;7039
11926;7040
11927;7041
11928;7042
11929;7043
1192;1159
11930;7044
11931;7045
11932;7046
11933;7047
11934;7048
11935;7049
11936;7050
11937;7051
11938;7052
11939;7053
1193;1160
11940;7054
11941;7055
11942;7056
11943;7057
11944;7058
11945;7059
11946;7060
11947;7061
11948;7062
11949;7063
1194;1161
11950;7064
11951;7065
11952;7066
11953;7067
11954;7068
11955;7069
11956;7070
11957;7071
11958;7072
11959;7073
1195;1162
11960;7074
11961;7075
11962;7076
11963;7077
11964;7078
11965;7079
11966;7080
11967;7081
11968;7082
11969;7083
1196;1163
11970;7084
11971;7085
11972;7086
11973;7087
11974;7088
11975;7089
11976;7090
11977;7091
11978;7092
11979;7093
1197;1164
11980;7094
11981;7095
11982;7096
11983;7097
11984;7098
11985;7099
11986;7100
11987;7101
11988;7102
11989;7103
1198;1165
11990;7104
11991;7105
11992;7106
11993;7107
11994;7108
11995;7109
11996;7110
11997;7111
11998;7112
1199;1166
119;118
11;11
12002;7113
12003;7114
12004;7115
12005;7116
12006;7117
12007;7118
12008;7119
12009;7120
1200;1167
12010;7121
12011;7122
12012;7123
12013;7124
12014;7125
12015;7126
12016;7127
12017;7128
12018;7129
12019;7130
1201;1168
12020;7131
12021;7132
12022;7133
12023;7134
12024;7135
12025;7136
12026;7137
12027;7138
12028;7139
12029;7140
1202;1169
12030;7141
12031;7142
12032;7143
12033;7144
12034;7145
12035;7146
12036;7147
12037;7148
12038;7149
12039;7150
1203;1170
12040;7151
12041;7152
12042;7153
12043;7154
12044;7155
12045;7156
12046;7157
12047;7158
12048;7159
12049;7160
1204;1171
12050;7161
12051;7162
12052;7163
12053;7164
12054;7165
12055;7166
12056;7167
12057;7168
1205;1172
1206;1173
1207;1174
1208;1175
1209;1176
120;119
1210;1177
1211;1178
1212;1179
1213;1180
1214;1181
1215;1182
1216;1183
1218;1184
1219;1185
121;120
1220;1186
1221;1187
1222;1188
1223;1189
1224;1190
1225;1191
1226;1192
1227;1193
1229;1194
122;121
1230;1195
1231;1196
1232;1197
1233;1198
1234;1199
1235;1200
1236;1201
1237;1202
1238;1203
1239;1204
123;122
1241;1205
1242;1206
1243;1207
1244;1208
1245;1209
1246;1210
1247;1211
1249;1212
124;123
1250;1213
1251;1214
1252;1215
1253;1216
1254;1217
1255;1218
1256;1219
1257;1220
1258;1221
1259;1222
125;124
1260;1223
1261;1224
1262;1225
1263;1226
1264;1227
1265;1228
1266;1229
1267;1230
1268;1231
1269;1232
126;125
1270;1233
1271;1234
1272;1235
1273;1236
1274;1237
1275;1238
1276;1239
1277;1240
1278;1241
1279;1242
127;126
1280;1243
1281;1244
1282;1245
1283;1246
1284;1247
1285;1248
1286;1249
1287;1250
1288;1251
1289;1252
128;127
1290;1253
1291;1254
1292;1255
1293;1256
1294;1257
1295;1258
1296;1259
1297;1260
1298;1261
1299;1262
129;128
12;12
1300;1263
1301;1264
1302;1265
1303;1266
1305;1267
1306;1268
1307;1269
1308;1270
1309;1271
130;129
1310;1272
1311;1273
1312;1274
1313;1275
1314;1276
1315;1277
1316;1278
1317;1279
1318;1280
1319;1281
131;130
1320;1282
1321;1283
1322;1284
1323;1285
1324;1286
1325;1287
1326;1288
1327;1289
1328;1290
1329;1291
132;131
1330;1292
1331;1293
1332;1294
1333;1295
1334;1296
1335;1297
1336;1298
1337;1299
1338;1300
1339;1301
133;132
1340;1302
1341;1303
1342;1304
1343;1305
1344;1306
1345;1307
1346;1308
1347;1309
1348;1310
1349;1311
134;133
1350;1312
1351;1313
1352;1314
1353;1315
1354;1316
1355;1317
1356;1318
1357;1319
1358;1320
1359;1321
135;134
1360;1322
1361;1323
1362;1324
1363;1325
1364;1326
1365;1327
1366;1328
1367;1329
1368;1330
1369;1331
136;135
1370;1332
1371;1333
1372;1334
1373;1335
1374;1336
1375;1337
1376;1338
1377;1339
1378;1340
1379;1341
137;136
1380;1342
1381;1343
1382;1344
1383;1345
1384;1346
1385;1347
1386;1348
1387;1349
1388;1350
1389;1351
138;137
1390;1352
1391;1353
1392;1354
1393;1355
1394;1356
1395;1357
1396;1358
1397;1359
1398;1360
1399;1361
139;138
13;13
1400;1362
1401;1363
1402;1364
1403;1365
1404;1366
1405;1367
1406;1368
1407;1369
1408;1370
1409;1371
140;139
1410;1372
1411;1373
1412;1374
1413;1375
1414;1376
1415;1377
1416;1378
1417;1379
1418;1380
1419;1381
141;140
1420;1382
1421;1383
1422;1384
1423;1385
1424;1386
1425;1387
1426;1388
1427;1389
1428;1390
1429;1391
142;141
1430;1392
1431;1393
1432;1394
1433;1395
1434;1396
1435;1397
1436;1398
1437;1399
1438;1400
1439;1401
143;142
1440;1402
1441;1403
1442;1404
1443;1405
1444;1406
1445;1407
1446;1408
1447;1409
1448;1410
1449;1411
144;143
1450;1412
1451;1413
1452;1414
1453;1415
1454;1416
1455;1417
1456;1418
1457;1419
1458;1420
1459;1421
145;144
1460;1422
1461;1423
1462;1424
1463;1425
1464;1426
1465;1427
1466;1428
1467;1429
1468;1430
1469;1431
146;145
1470;1432
1471;1433
1472;1434
1473;1435
1474;1436
1475;1437
1476;1438
1478;1439
1479;1440
147;146
1480;1441
1481;1442
1482;1443
1483;1444
1484;1445
1485;1446
1486;1447
1487;1448
1488;1449
1489;1450
148;147
1490;1451
1491;1452
1492;1453
1493;1454
1496;1455
1498;1456
1499;1457
149;148
14;14
1500;1458
1501;1459
1502;1460
1503;1461
1504;1462
1505;1463
1506;1464
1507;1465
1508;1466
1509;1467
150;149
1510;1468
1511;1469
1512;1470
1513;1471
1514;1472
1515;1473
1516;1474
1517;1475
1518;1476
1519;1477
151;150
1520;1478
1521;1479
1522;1480
1523;1481
1524;1482
1525;1483
1526;1484
1527;1485
1528;1486
1529;1487
152;151
1530;1488
1531;1489
1532;1490
1534;1491
1535;1492
1536;1493
1537;1494
1538;1495
1539;1496
153;152
1540;1497
1541;1498
1542;1499
1543;1500
1544;1501
1545;1502
1546;1503
1547;1504
1548;1505
1549;1506
154;153
1550;1507
1551;1508
1552;1509
1553;1510
1554;1511
1555;1512
1556;1513
1558;1514
1559;1515
155;154
1560;1516
1561;1517
1562;1518
1563;1519
1564;1520
1565;1521
1566;1522
1567;1523
1568;1524
1569;1525
156;155
1570;1526
1571;1527
1572;1528
1573;1529
1574;1530
1575;1531
1576;1532
1577;1533
1578;1534
1579;1535
157;156
1580;1536
1581;1537
1582;1538
1583;1539
1584;1540
1585;1541
1586;1542
1587;1543
1588;1544
1589;1545
158;157
1590;1546
1591;1547
1592;1548
1593;1549
1594;1550
1595;1551
1596;1552
1597;1553
1598;1554
1599;1555
159;158
15;15
1600;1556
1601;1557
1602;1558
1603;1559
1604;1560
1605;1561
1606;1562
1607;1563
1608;1564
1609;1565
160;159
1610;1566
1611;1567
1612;1568
1613;1569
1615;1570
1616;1571
1617;1572
1618;1573
1619;1574
161;160
1620;1575
1621;1576
1622;1577
1623;1578
1624;1579
1625;1580
1626;1581
1627;1582
1628;1583
1629;1584
162;161
1630;1585
1631;1586
1632;1587
1633;1588
1634;1589
1635;1590
1636;1591
1637;1592
1638;1593
1639;1594
163;162
1640;1595
1641;1596
1642;1597
1643;1598
1645;1599
1646;1600
1647;1601
1648;1602
1649;1603
164;163
1650;1604
1651;1605
1652;1606
1653;1607
1654;1608
1655;1609
1656;1610
1657;1611
1658;1612
1659;1613
165;164
1660;1614
1661;1615
1662;1616
1663;1617
1664;1618
1665;1619
1666;1620
1667;1621
1668;1622
1669;1623
166;165
1670;1624
1671;1625
1672;1626
1673;1627
1675;1628
1676;1629
1677;1630
1678;1631
1679;1632
167;166
1680;1633
1681;1634
1682;1635
1683;1636
1684;1637
1685;1638
1686;1639
1687;1640
1688;1641
1689;1642
168;167
1690;1643
1691;1644
1692;1645
1693;1646
1694;1647
1695;1648
1696;1649
1697;1650
1698;1651
1699;1652
169;168
16;16
1701;1653
1702;1654
1703;1655
1705;1656
1706;1657
1707;1658
1708;1659
1709;1660
170;169
1710;1661
1712;1662
1713;1663
1715;1664
1716;1665
1718;1666
1719;1667
171;170
1721;1668
1722;1669
1723;1670
1724;1671
1726;1672
1728;1673
1729;1674
172;171
1731;1675
1732;1676
1733;1677
1734;1678
1735;1679
1736;1680
1737;1681
1738;1682
1739;1683
173;172
1740;1684
1741;1685
1742;1686
1743;1687
1744;1688
1745;1689
1746;1690
1747;1691
1748;1692
1749;1693
174;173
1750;1694
1751;1695
1753;1696
1754;1697
1755;1698
1756;1699
1757;1700
1758;1701
1759;1702
175;174
1760;1703
1761;1704
1762;1705
1763;1706
1764;1707
1765;1708
1766;1709
1767;1710
1769;1711
176;175
1770;1712
1771;1713
1772;1714
1773;1715
1774;1716
1775;1717
1776;1718
1777;1719
1778;1720
1779;1721
177;176
1780;1722
1781;1723
1782;1724
1783;1725
1784;1726
1785;1727
1786;1728
1787;1729
1788;1730
1789;1731
178;177
1790;1732
1791;1733
1792;1734
1793;1735
1794;1736
1795;1737
1796;1738
1797;1739
1798;1740
179;178
17;17
1800;1741
1801;1742
1802;1743
1803;1744
1804;1745
1805;1746
1806;1747
1807;1748
1808;1749
1809;1750
180;179
1810;1751
1811;1752
1813;1753
1814;1754
1815;1755
1816;1756
1817;1757
1818;1758
1819;1759
181;180
1820;1760
1821;1761
1822;1762
1823;1763
1824;1764
1825;1765
1826;1766
1827;1767
1828;1768
1829;1769
182;181
1830;1770
1831;1771
1832;1772
1833;1773
1834;1774
1835;1775
1836;1776
1837;1777
1838;1778
1839;1779
183;182
1840;1780
1841;1781
1842;1782
1843;1783
1844;1784
1845;1785
1846;1786
1847;1787
1848;1788
1849;1789
184;183
1850;1790
1851;1791
1852;1792
1853;1793
1854;1794
1855;1795
1856;1796
1857;1797
1858;1798
1859;1799
185;184
1860;1800
1861;1801
1862;1802
1863;1803
1864;1804
1865;1805
1866;1806
1867;1807
1868;1808
1869;1809
186;185
1870;1810
1871;1811
1872;1812
1874;1813
1875;1814
1877;1815
1878;1816
1879;1817
187;186
1880;1818
1881;1819
1882;1820
1883;1821
1884;1822
1885;1823
1886;1824
1887;1825
1889;1826
188;187
1890;1827
1891;1828
1892;1829
1893;1830
1894;1831
1895;1832
1896;1833
1897;1834
1898;1835
1899;1836
189;188
18;18
1900;1837
1901;1838
1902;1839
1903;1840
1904;1841
1905;1842
1906;1843
1907;1844
1908;1845
1909;1846
190;189
1910;1847
1911;1848
1912;1849
1913;1850
1914;1851
1915;1852
1916;1853
1917;1854
1918;1855
1919;1856
191;190
1920;1857
1921;1858
1923;1859
1924;1860
1925;1861
1926;1862
1927;1863
1928;1864
192;191
1930;1865
1931;1866
1932;1867
1933;1868
1934;1869
1935;1870
1936;1871
1937;1872
193;192
1941;1873
1942;1874
1943;1875
1944;1876
1945;1877
1946;1878
1947;1879
1948;1880
1949;1881
194;193
1950;1882
1951;1883
1952;1884
1953;1885
1954;1886
1955;1887
1956;1888
1957;1889
1958;1890
1959;1891
195;194
1960;1892
1961;1893
1963;1894
1964;1895
1965;1896
1966;1897
1968;1898
1969;1899
196;195
1970;1900
1971;1901
1972;1902
1973;1903
1974;1904
1975;1905
1976;1906
1977;1907
1978;1908
1979;1909
197;196
1980;1910
1981;1911
1982;1912
1983;1913
1984;1914
1985;1915
1986;1916
1987;1917
1989;1918
198;197
1990;1919
1991;1920
1992;1921
1993;1922
1994;1923
1995;1924
1997;1925
1998;1926
1999;1927
199;198
19;19
1;1
2000;1928
2001;1929
2002;1930
2003;1931
2004;1932
2005;1933
2006;1934
2007;1935
2008;1936
2009;1937
200;199
2010;1938
2011;1939
2012;1940
2013;1941
2014;1942
2015;1943
2016;1944
2017;1945
2018;1946
2019;1947
201;200
2020;1948
2021;1949
2022;1950
2023;1951
2024;1952
2025;1953
2026;1954
2027;1955
2028;1956
2029;1957
202;201
2030;1958
2031;1959
2032;1960
2033;1961
2034;1962
2035;1963
2036;1964
2037;1965
2038;1966
2039;1967
203;202
2040;1968
2041;1969
2042;1970
2043;1971
2044;1972
2045;1973
2046;1974
2047;1975
2048;1976
2049;1977
204;203
2050;1978
2051;1979
2052;1980
2053;1981
2054;1982
2055;1983
2056;1984
2057;1985
2058;1986
2059;1987
205;204
2060;1988
2061;1989
2062;1990
2063;1991
2064;1992
2065;1993
2066;1994
2067;1995
2068;1996
2069;1997
206;205
2070;1998
2071;1999
2072;2000
2073;2001
2074;2002
2075;2003
2076;2004
2077;2005
2078;2006
2079;2007
207;206
2080;2008
2081;2009
2082;2010
2083;2011
2084;2012
2085;2013
2086;2014
2088;2015
2089;2016
208;207
2090;2017
2091;2018
2092;2019
2093;2020
2095;2021
2096;2022
2097;2023
2098;2024
2099;2025
209;208
20;20
2100;2026
2101;2027
2102;2028
2103;2029
2104;2030
2105;2031
2106;2032
2107;2033
2108;2034
2109;2035
210;209
2110;2036
2111;2037
2112;2038
2113;2039
2114;2040
2117;2041
2118;2042
2119;2043
211;210
2120;2044
2121;2045
2122;2046
2123;2047
2125;2048
2126;2049
2127;2050
2128;2051
212;211
2130;2052
2131;2053
2132;2054
2133;2055
2134;2056
2135;2057
2136;2058
2138;2059
2139;2060
213;212
2141;2061
2142;2062
2143;2063
2144;2064
2147;2065
2148;2066
214;213
2151;2067
2153;2068
2154;2069
2156;2070
2157;2071
2158;2072
215;214
2162;2073
2163;2074
2164;2075
2165;2076
2166;2077
2167;2078
2168;2079
2169;2080
216;215
2170;2081
2171;2082
2172;2083
2173;2084
2174;2085
2175;2086
2176;2087
2177;2088
2178;2089
2179;2090
217;216
2180;2091
2181;2092
2182;2093
2184;2094
2185;2095
2186;2096
2187;2097
2188;2098
2189;2099
218;217
2190;2100
2191;2101
2192;2102
2193;2103
2194;2104
2195;2105
2196;2106
2197;2107
219;218
21;21
2202;2108
2203;2109
2204;2110
2205;2111
2206;2112
2207;2113
2208;2114
2209;2115
220;219
2210;2116
2211;2117
2212;2118
2213;2119
2214;2120
2215;2121
2216;2122
2217;2123
2218;2124
2219;2125
221;220
2220;2126
2221;2127
2222;2128
2223;2129
2224;2130
2225;2131
2227;2132
2228;2133
2229;2134
222;221
2230;2135
2232;2136
2233;2137
2234;2138
2235;2139
2236;2140
2237;2141
2239;2142
2240;2143
2241;2144
2242;2145
2243;2146
2244;2147
2245;2148
2246;2149
2247;2150
2249;2151
224;222
2250;2152
2251;2153
2252;2154
2253;2155
2254;2156
2255;2157
2256;2158
2257;2159
2258;2160
2259;2161
225;223
2260;2162
2261;2163
2262;2164
2263;2165
2264;2166
2265;2167
2267;2168
2268;2169
226;224
2270;2170
2271;2171
2272;2172
2273;2173
2274;2174
2275;2175
2276;2176
2277;2177
2278;2178
2279;2179
227;225
2280;2180
2281;2181
2282;2182
2283;2183
2284;2184
2285;2185
2286;2186
2287;2187
2288;2188
2289;2189
228;226
2290;2190
2291;2191
2293;2192
2294;2193
2295;2194
2296;2195
2297;2196
2298;2197
2299;2198
229;227
22;22
2300;2199
2301;2200
2302;2201
2303;2202
2304;2203
2305;2204
2306;2205
2307;2206
2308;2207
2309;2208
230;228
2310;2209
2311;2210
2312;2211
2313;2212
2314;2213
2315;2214
2316;2215
2317;2216
2318;2217
2319;2218
231;229
2320;2219
2321;2220
2322;2221
2323;2222
2324;2223
2325;2224
2326;2225
2327;2226
2328;2227
2329;2228
232;230
2330;2229
2332;2230
2333;2231
2334;2232
2335;2233
2336;2234
2337;2235
2338;2236
2339;2237
233;231
2340;2238
2341;2239
2342;2240
2343;2241
2344;2242
2345;2243
2346;2244
2347;2245
2348;2246
234;232
2350;2247
2351;2248
2352;2249
2353;2250
2354;2251
2355;2252
2356;2253
2358;2254
2359;2255
235;233
2360;2256
2361;2257
2364;2258
2365;2259
2366;2260
2367;2261
236;234
2370;2262
2371;2263
2372;2264
2374;2265
2375;2266
2376;2267
2377;2268
2378;2269
2379;2270
237;235
2380;2271
2381;2272
2383;2273
2384;2274
2385;2275
2386;2276
2387;2277
2388;2278
2389;2279
238;236
2390;2280
2391;2281
2392;2282
2393;2283
2394;2284
2396;2285
2397;2286
2399;2287
239;237
23;23
2400;2288
2401;2289
2402;2290
2404;2291
2405;2292
2406;2293
2407;2294
2408;2295
2409;2296
240;238
2410;2297
2411;2298
2414;2299
2415;2300
241;239
2421;2301
2422;2302
2423;2303
2425;2304
2426;2305
2428;2306
2429;2307
242;240
2430;2308
2433;2309
2435;2310
2436;2311
2437;2312
2438;2313
2439;2314
243;241
2440;2315
2441;2316
2442;2317
2443;2318
2444;2319
2445;2320
2446;2321
2447;2322
2448;2323
2449;2324
244;242
2450;2325
2451;2326
2452;2327
2453;2328
2454;2329
2455;2330
2456;2331
2457;2332
2458;2333
2459;2334
245;243
2460;2335
2461;2336
2462;2337
2463;2338
2464;2339
2465;2340
2466;2341
2467;2342
2468;2343
2469;2344
246;244
2470;2345
2471;2346
2472;2347
2473;2348
2474;2349
2476;2350
2477;2351
2478;2352
2479;2353
247;245
2481;2354
2482;2355
2483;2356
2484;2357
2485;2358
2486;2359
2487;2360
2488;2361
248;246
2490;2362
2491;2363
2492;2364
2493;2365
2494;2366
2495;2367
2496;2368
2497;2369
2498;2370
2499;2371
249;247
24;24
2500;2372
2501;2373
2502;2374
2503;2375
2504;2376
2505;2377
2506;2378
2508;2379
2509;2380
250;248
2511;2381
2512;2382
2513;2383
2514;2384
2515;2385
2516;2386
2517;2387
2518;2388
2519;2389
251;249
2520;2390
2521;2391
2522;2392
2524;2393
2525;2394
2526;2395
2527;2396
2528;2397
2529;2398
252;250
2530;2399
2531;2400
2532;2401
2533;2402
2534;2403
2535;2404
2536;2405
2537;2406
2538;2407
2539;2408
253;251
2540;2409
2541;2410
2542;2411
2543;2412
2544;2413
2545;2414
2546;2415
2547;2416
2548;2417
2549;2418
254;252
2550;2419
2551;2420
2552;2421
2553;2422
2554;2423
2555;2424
2556;2425
2558;2426
2559;2427
255;253
2560;2428
2561;2429
2562;2430
2563;2431
2564;2432
2565;2433
2566;2434
2567;2435
2568;2436
2569;2437
256;254
2570;2438
2571;2439
2572;2440
2573;2441
2574;2442
2575;2443
2576;2444
2577;2445
2578;2446
2579;2447
257;255
2580;2448
2581;2449
2582;2450
2583;2451
2584;2452
2585;2453
2586;2454
2587;2455
2589;2456
258;256
2590;2457
2591;2458
2592;2459
2593;2460
2594;2461
2595;2462
2596;2463
2597;2464
2598;2465
2599;2466
259;257
25;25
2600;2467
2601;2468
2602;2469
2603;2470
2604;2471
2605;2472
2606;2473
2607;2474
2609;2475
260;258
2610;2476
2612;2477
2613;2478
2614;2479
2615;2480
2616;2481
2618;2482
2619;2483
261;259
2620;2484
2621;2485
2622;2486
2623;2487
2624;2488
2625;2489
2626;2490
2627;2491
2628;2492
2629;2493
262;260
2630;2494
2631;2495
2632;2496
2633;2497
2635;2498
2636;2499
2637;2500
2638;2501
2639;2502
263;261
2640;2503
2641;2504
2642;2505
2643;2506
2644;2507
2645;2508
2646;2509
2647;2510
2648;2511
2649;2512
264;262
2650;2513
2651;2514
2652;2515
2653;2516
2654;2517
2655;2518
2656;2519
2657;2520
2658;2521
2659;2522
265;263
2660;2523
2661;2524
2662;2525
2663;2526
2664;2527
2665;2528
2666;2529
2667;2530
2668;2531
2669;2532
266;264
2670;2533
2671;2534
2672;2535
2673;2536
2674;2537
2675;2538
2676;2539
2677;2540
2678;2541
2679;2542
267;265
2680;2543
2681;2544
2682;2545
2683;2546
2684;2547
2685;2548
2686;2549
2687;2550
2688;2551
2689;2552
268;266
2690;2553
2691;2554
2692;2555
2694;2556
2695;2557
2696;2558
2697;2559
2699;2560
269;267
26;26
2700;2561
2701;2562
2702;2563
2703;2564
2704;2565
2705;2566
2706;2567
2707;2568
2708;2569
2709;2570
270;268
2710;2571
2711;2572
2712;2573
2713;2574
2714;2575
2715;2576
2716;2577
2717;2578
2718;2579
2719;2580
271;269
2720;2581
2722;2582
2723;2583
2724;2584
2725;2585
2726;2586
2727;2587
2728;2588
2729;2589
272;270
2730;2590
2731;2591
2732;2592
2733;2593
2734;2594
2735;2595
2736;2596
2737;2597
2738;2598
2739;2599
273;271
2740;2600
2741;2601
2742;2602
2743;2603
2744;2604
2745;2605
2746;2606
2747;2607
2748;2608
2749;2609
274;272
2750;2610
2751;2611
2752;2612
2753;2613
2754;2614
2755;2615
2756;2616
2758;2617
2759;2618
275;273
2760;2619
2761;2620
2762;2621
2763;2622
2764;2623
2765;2624
2766;2625
2767;2626
2768;2627
2769;2628
276;274
2770;2629
2771;2630
2772;2631
2773;2632
2774;2633
2775;2634
2776;2635
2777;2636
2778;2637
277;275
2780;2638
2781;2639
2782;2640
2783;2641
2784;2642
2785;2643
2786;2644
2787;2645
2788;2646
2789;2647
278;276
2790;2648
2791;2649
2792;2650
2794;2651
2795;2652
2796;2653
2797;2654
2799;2655
279;277
27;27
2800;2656
2801;2657
2802;2658
2803;2659
2804;2660
2805;2661
2806;2662
2807;2663
2808;2664
2809;2665
280;278
2810;2666
2812;2667
2813;2668
2814;2669
2816;2670
2817;2671
2818;2672
2819;2673
281;279
2820;2674
2821;2675
2822;2676
2823;2677
2824;2678
2826;2679
2827;2680
2828;2681
2829;2682
282;280
2830;2683
2831;2684
2832;2685
2833;2686
2834;2687
2835;2688
2836;2689
2837;2690
2838;2691
2839;2692
283;281
2840;2693
2841;2694
2842;2695
2843;2696
2844;2697
2845;2698
2846;2699
2847;2700
2848;2701
2849;2702
284;282
2850;2703
2851;2704
2852;2705
2853;2706
2854;2707
2855;2708
2856;2709
2857;2710
2858;2711
2859;2712
285;283
2860;2713
2861;2714
2862;2715
2863;2716
2864;2717
2865;2718
2866;2719
2867;2720
2868;2721
286;284
2870;2722
2871;2723
2872;2724
2873;2725
2874;2726
2875;2727
2876;2728
2877;2729
2878;2730
2879;2731
287;285
2881;2732
2882;2733
2883;2734
2884;2735
2885;2736
2886;2737
2887;2738
2888;2739
2889;2740
288;286
2890;2741
2891;2742
2893;2743
2894;2744
2895;2745
2896;2746
2897;2747
2898;2748
2899;2749
289;287
28;28
2900;2750
2901;2751
2902;2752
2903;2753
2905;2754
2906;2755
2907;2756
2908;2757
2909;2758
290;288
2910;2759
2911;2760
2912;2761
2913;2762
2914;2763
2916;2764
2917;2765
2918;2766
291;289
2920;2767
2922;2768
2923;2769
2925;2770
2926;2771
2927;2772
2929;2773
292;290
2930;2774
2931;2775
2932;2776
2933;2777
2934;2778
2935;2779
2936;2780
2937;2781
2938;2782
2939;2783
293;291
2940;2784
2941;2785
2942;2786
2944;2787
2945;2788
2947;2789
2948;2790
2949;2791
294;292
2950;2792
2951;2793
2952;2794
2953;2795
2954;2796
2955;2797
2956;2798
2957;2799
2958;2800
295;293
2960;2801
2961;2802
2962;2803
2963;2804
2964;2805
2965;2806
2966;2807
2967;2808
2968;2809
2969;2810
296;294
2972;2811
2973;2812
2974;2813
2975;2814
2976;2815
2977;2816
2978;2817
2979;2818
297;295
2980;2819
2981;2820
2983;2821
2984;2822
2985;2823
2986;2824
2987;2825
2988;2826
2989;2827
298;296
2990;2828
2991;2829
2992;2830
2993;2831
2994;2832
2995;2833
2996;2834
2997;2835
2998;2836
2999;2837
299;297
29;29
2;2
3000;2838
3001;2839
3002;2840
3003;2841
3004;2842
3005;2843
3006;2844
3007;2845
3008;2846
3009;2847
300;298
3010;2848
3011;2849
3012;2850
3013;2851
3014;2852
3015;2853
3016;2854
3017;2855
3018;2856
3019;2857
301;299
3020;2858
3021;2859
3022;2860
3023;2861
3024;2862
3025;2863
3026;2864
3027;2865
3028;2866
3029;2867
302;300
3030;2868
3033;2869
3034;2870
3035;2871
3036;2872
3037;2873
3038;2874
3039;2875
303;301
3040;2876
3041;2877
3042;2878
3043;2879
3044;2880
3045;2881
3048;2882
3049;2883
304;302
3050;2884
3051;2885
3052;2886
3053;2887
3054;2888
3055;2889
3056;2890
3057;2891
3058;2892
3059;2893
305;303
3061;2894
3062;2895
3063;2896
3064;2897
3065;2898
3066;2899
3067;2900
3068;2901
3069;2902
306;304
3070;2903
3071;2904
3072;2905
3073;2906
3074;2907
3075;2908
3076;2909
3077;2910
3078;2911
3079;2912
307;305
3080;2913
3081;2914
3082;2915
3084;2916
3085;2917
3087;2918
3089;2919
308;306
3091;2920
3092;2921
3093;2922
3094;2923
3095;2924
3096;2925
3097;2926
3098;2927
3099;2928
309;307
30;30
3100;2929
3101;2930
3102;2931
3103;2932
3104;2933
3105;2934
3107;2935
3108;2936
3109;2937
310;308
3112;2938
3113;2939
3115;2940
3116;2941
3117;2942
3118;2943
3119;2944
311;309
3120;2945
3121;2946
3122;2947
3124;2948
3125;2949
3127;2950
3128;2951
3129;2952
312;310
3130;2953
3131;2954
3132;2955
3134;2956
3135;2957
3136;2958
3137;2959
3138;2960
313;311
3140;2961
3141;2962
3142;2963
3143;2964
3144;2965
3145;2966
3146;2967
3147;2968
3148;2969
3149;2970
314;312
3150;2971
3151;2972
3152;2973
3153;2974
3155;2975
3156;2976
3157;2977
3158;2978
3159;2979
315;313
3161;2980
3162;2981
3163;2982
3164;2983
3165;2984
3166;2985
3167;2986
3169;2987
316;314
3170;2988
3171;2989
3172;2990
3173;2991
3174;2992
3175;2993
3176;2994
3177;2995
3178;2996
3179;2997
317;315
3180;2998
3181;2999
3182;3000
3183;3001
3184;3002
3185;3003
3186;3004
3187;3005
3188;3006
318;316
3196;3007
3197;3008
3198;3009
3199;3010
319;317
31;31
3200;3011
3201;3012
3204;3013
3205;3014
3207;3015
3208;3016
3209;3017
320;318
3211;3018
3213;3019
3214;3020
3215;3021
3217;3022
3220;3023
3221;3024
3222;3025
3223;3026
3224;3027
3226;3028
3227;3029
3228;3030
3229;3031
322;319
3230;3032
3232;3033
3233;3034
3234;3035
3235;3036
3236;3037
3237;3038
3238;3039
3239;3040
323;320
3240;3041
3241;3042
3242;3043
3243;3044
3244;3045
3245;3046
3246;3047
3247;3048
3249;3049
324;321
3250;3050
3251;3051
3252;3052
3253;3053
3254;3054
3256;7172
3257;3055
3258;3056
3259;3057
325;322
3260;3058
3261;3059
3262;3060
3263;3061
3264;3062
3265;3063
3266;3064
3267;3065
3268;3066
3269;3067
326;323
3270;3068
3271;3069
3272;3070
3273;3071
3274;3072
3275;3073
3276;3074
3277;3075
3278;3076
3279;3077
327;324
3280;3078
3281;3079
3282;3080
3284;3081
3287;3082
3288;3083
3289;3084
328;325
3291;3085
3292;3086
3294;3087
3295;3088
3296;3089
3297;3090
3298;3091
3299;3092
329;326
32;32
3300;3093
3301;3094
3302;3095
3303;3096
3304;3097
3305;3098
3306;3099
3307;3100
3308;3101
3309;3102
330;327
3310;3103
3311;3104
3312;3105
3313;3106
3314;3107
3315;3108
3316;3109
3317;3110
3318;3111
3319;3112
331;328
3320;3113
3321;3114
3322;3115
3323;3116
3324;3117
3325;3118
3326;3119
3328;3120
3329;3121
332;329
3330;3122
3331;3123
3332;3124
3333;3125
3334;3126
3335;3127
3336;3128
3337;3129
3338;3130
3339;3131
333;330
3340;7173
3341;3132
3343;3133
3344;3134
3345;3135
3346;3136
3347;3137
3348;3138
3349;3139
334;331
3350;3140
3351;3141
3352;3142
3353;3143
3354;3144
3355;3145
3356;3146
3357;3147
3358;3148
3359;3149
335;332
3360;3150
3361;3151
3362;3152
3363;3153
3364;3154
3366;3155
3368;3156
3369;3157
336;333
3370;3158
3371;3159
3372;3160
3373;3161
3374;3162
3375;3163
3376;3164
3377;3165
3378;3166
3379;3167
337;334
3380;3168
3381;3169
3382;3170
3383;3171
3384;3172
3385;3173
3386;3174
3387;3175
3388;3176
3389;3177
338;335
3390;3178
3391;3179
3392;3180
3393;3181
3394;3182
3395;3183
3396;3184
3397;3185
3398;3186
3399;3187
339;336
33;33
3400;3188
3402;3189
3404;3190
3406;3191
3407;3192
3408;3193
3409;3194
340;337
3410;3195
3411;3196
3413;3197
3414;3198
3415;3199
3416;3200
3417;3201
3418;3202
3419;3203
341;338
3420;3204
3421;3205
3422;3206
3423;3207
3424;3208
3425;3209
3426;3210
3427;3211
3428;3212
3429;3213
342;339
3430;3214
3431;3215
3432;3216
3433;3217
3434;3218
3435;3219
3436;3220
3437;3221
3438;3222
3439;3223
343;340
3440;3224
3441;3225
3442;3226
3443;3227
3444;3228
3445;3229
3446;3230
3447;3231
3448;3232
3449;3233
344;341
3450;3234
3451;3235
3452;3236
3453;3237
3454;3238
3455;3239
3456;3240
3457;3241
3458;3242
3459;3243
345;342
3460;3244
3461;3245
3462;3246
3463;3247
3464;3248
3465;3249
3466;3250
3467;3251
3468;3252
3469;3253
346;343
3470;3254
3471;3255
3472;3256
3473;3257
3474;3258
3475;3259
3476;3260
3477;3261
3478;3262
3479;3263
347;344
3480;3264
3481;3265
3482;3266
3483;3267
3484;3268
3485;3269
3486;3270
3487;3271
3488;3272
3489;3273
348;345
3490;3274
3491;3275
3492;3276
3493;3277
3494;3278
3495;3279
3496;3280
3497;3281
3498;3282
3499;3283
349;346
34;34
3500;3284
3501;3285
3502;3286
3503;3287
3504;3288
3505;3289
3506;3290
3507;3291
3508;3292
3509;3293
350;347
3510;3294
3511;3295
3512;3296
3513;3297
3514;3298
3515;3299
3516;3300
3517;3301
3518;3302
3519;3303
351;348
3520;3304
3521;3305
3522;3306
3523;3307
3524;3308
3525;3309
3527;3310
3528;3311
352;349
3530;3312
3531;3313
3532;3314
3533;3315
3534;3316
3535;3317
3536;3318
3537;3319
3538;3320
3539;3321
353;350
3541;3322
3542;3323
3543;3324
3544;3325
3545;3326
3546;3327
3547;3328
3548;3329
3549;3330
354;351
3550;3331
3551;3332
3552;3333
3553;3334
3554;3335
3555;3336
3556;3337
3557;3338
3558;3339
3559;3340
355;352
3560;3341
3561;3342
3562;3343
3563;3344
3564;3345
3565;3346
3566;3347
3567;3348
3568;3349
3569;3350
356;353
3570;3351
3571;3352
3572;3353
3573;3354
3574;3355
3575;3356
3576;3357
3577;3358
3578;3359
3579;3360
357;354
3580;3361
3581;3362
3582;3363
3583;3364
3584;3365
3585;3366
3586;3367
3587;3368
3588;3369
3589;3370
358;355
3590;3371
3591;3372
3592;3373
3593;3374
3594;3375
3595;3376
3596;3377
3597;3378
3598;3379
3599;3380
359;356
35;35
3600;3381
3601;3382
3602;3383
3603;3384
3604;3385
3605;3386
3606;3387
3607;3388
3608;3389
3609;3390
360;357
3610;3391
3611;3392
3612;3393
3613;3394
3614;3395
3615;3396
3616;3397
3617;3398
3618;3399
3619;3400
361;358
3620;3401
3621;3402
3622;3403
3623;3404
3624;3405
3625;3406
3626;3407
3627;3408
3628;3409
3629;3410
362;359
3630;3411
3631;3412
3632;3413
3633;3414
3634;3415
3635;3416
3636;3417
3637;3418
3638;3419
3639;3420
363;360
3640;3421
3641;3422
3642;3423
3643;3424
3644;3425
3645;3426
3646;3427
3647;3428
3648;3429
3649;3430
364;361
3650;3431
3651;3432
3652;3433
3653;3434
3654;3435
3655;3436
3656;3437
3657;3438
3658;3439
3659;3440
365;362
3660;3441
3661;3442
3662;3443
3663;3444
3664;3445
3665;3446
3666;3447
3667;3448
3668;3449
3669;3450
366;363
3670;3451
3671;3452
3672;3453
3673;3454
3674;3455
3675;3456
3676;3457
3677;3458
3678;3459
3679;3460
367;364
3680;3461
3681;3462
3682;3463
3683;3464
3684;3465
3685;3466
3686;3467
3687;3468
3688;3469
3689;3470
368;365
3690;3471
3691;3472
3692;3473
3693;3474
3694;3475
3695;3476
3696;3477
3697;3478
3698;3479
3699;3480
369;366
36;36
3700;3481
3701;3482
3702;3483
3704;3484
3705;3485
3706;3486
3707;3487
3708;3488
3709;3489
370;367
3710;3490
3711;3491
3712;3492
3713;3493
3714;3494
3715;3495
3716;3496
3717;3497
3718;3498
3719;3499
371;368
3720;3500
3721;3501
3722;3502
3723;3503
3724;3504
3726;3505
3727;3506
3728;3507
3729;3508
372;369
3730;3509
3731;3510
3732;3511
3733;3512
3734;3513
3735;3514
3736;3515
3737;3516
3738;3517
3739;3518
373;370
3740;3519
3742;3520
3743;3521
3744;3522
3745;3523
3746;3524
3747;3525
3748;3526
3749;3527
374;371
3750;3528
3751;3529
3752;3530
3753;3531
3754;3532
3755;3533
3756;3534
3757;3535
3758;3536
3759;3537
375;372
3760;3538
3761;3539
3762;3540
3763;3541
3764;3542
3765;3543
3766;3544
3767;3545
3768;3546
3769;3547
376;373
3770;3548
3771;3549
3772;3550
3773;3551
3774;3552
3775;3553
3776;3554
3777;3555
3778;3556
3779;3557
377;374
3780;3558
3781;3559
3782;3560
3783;3561
3784;3562
3785;3563
3786;3564
3787;3565
3788;3566
3789;3567
378;375
3790;3568
3791;3569
3792;3570
3793;3571
3794;3572
3795;3573
3796;3574
3797;3575
3798;3576
3799;3577
379;376
37;37
3800;3578
3801;3579
3802;3580
3803;3581
3804;3582
3805;3583
3806;3584
3807;3585
3808;3586
3809;3587
380;377
3810;3588
3811;3589
3812;3590
3814;3591
3815;3592
3816;3593
3817;3594
3818;3595
3819;3596
381;378
3820;3597
3821;3598
3822;3599
3823;3600
3824;3601
3825;3602
3826;3603
3827;3604
3828;3605
3829;3606
382;379
3830;3607
3831;3608
3832;3609
3833;3610
3834;3611
3835;3612
3836;3613
3837;3614
3838;3615
3839;3616
383;380
3840;3617
3841;3618
3842;3619
3843;3620
3844;3621
3845;3622
3846;7174
3848;3623
3849;3624
384;381
3850;3625
3851;3626
3852;3627
3853;3628
3854;3629
3855;3630
3856;3631
3857;3632
3858;3633
3859;3634
385;382
3860;3635
3861;3636
3862;3637
3863;3638
3864;3639
3865;3640
3866;3641
3867;3642
3868;3643
3869;3644
386;383
3870;3645
3871;3646
3872;3647
3873;3648
3874;3649
3875;3650
3876;3651
3877;3652
3878;3653
3879;3654
387;384
3880;3655
3881;3656
3882;3657
3883;3658
3884;3659
3885;3660
3886;3661
3887;3662
3888;3663
3889;3664
388;385
3890;3665
3891;3666
3892;3667
3893;3668
3894;3669
3895;3670
3896;3671
3897;3672
3898;3673
3899;3674
389;386
38;38
3900;3675
3901;3676
3903;3677
3904;3678
3905;3679
3906;3680
3907;3681
3908;3682
3909;3683
390;387
3910;3684
3911;3685
3913;3686
3914;3687
3915;3688
3916;3689
3917;3690
3919;3691
391;388
3920;3692
3921;3693
3922;3694
3923;3695
3924;3696
3927;3697
3928;3698
3929;3699
392;389
3930;3700
3931;3701
3932;3702
3933;3703
3935;3704
3936;3705
3937;3706
3938;3707
3939;3708
393;390
3940;3709
3941;3710
3942;3711
3943;3712
3944;3713
3945;3714
3946;3715
3947;3716
3948;3717
3949;3718
394;391
3950;3719
3952;3720
3953;3721
3954;3722
3955;3723
3956;3724
3957;3725
3958;3726
3959;3727
395;392
3960;3728
3962;3729
3963;3730
3964;3731
3965;3732
3966;3733
3967;3734
3968;3735
3969;3736
396;393
3971;3737
3972;3738
3973;3739
3974;3740
3975;3741
3976;3742
3977;3743
3978;3744
3979;3745
397;394
3980;3746
3982;3747
3984;3748
3985;3749
3986;3750
3987;3751
3988;3752
3989;3753
398;395
3990;3754
3991;3755
3992;3756
3994;3757
3995;3758
3996;3759
3997;3760
3998;3761
3999;3762
399;396
39;39
3;3
4000;3763
4004;3764
4005;3765
4006;3766
4007;3767
4008;3768
4009;3769
400;397
4010;3770
4011;3771
4012;3772
4013;3773
4014;3774
4015;3775
4016;3776
4017;3777
4018;3778
4019;3779
401;398
4020;3780
4021;3781
4022;3782
4023;3783
4024;3784
4025;3785
4026;3786
4027;3787
4028;3788
4029;3789
402;399
4030;3790
4031;3791
4033;3792
4034;3793
4037;3794
4038;3795
4039;3796
403;400
4040;3797
4041;3798
4042;3799
4043;3800
4044;3801
4045;3802
4046;3803
4047;3804
4048;3805
4049;3806
404;401
4050;3807
4051;3808
4052;3809
4054;3810
4056;3811
4057;3812
4058;3813
4059;3814
405;402
4060;3815
4061;3816
4062;3817
4063;3818
4064;3819
4065;3820
4066;3821
4067;3822
4069;3823
406;403
4071;3824
4072;3825
4073;3826
4074;3827
4075;3828
4076;3829
4077;3830
4078;3831
407;404
4080;3832
4081;3833
4083;3834
4084;3835
4085;3836
4086;3837
4087;3838
4088;3839
4089;3840
408;405
4090;3841
4091;3842
4092;3843
4093;3844
4094;3845
4095;3846
4096;3847
4097;3848
4098;3849
4099;3850
409;406
40;40
4100;3851
4101;3852
4102;3853
4103;3854
4104;3855
4105;3856
4106;3857
4107;3858
4108;3859
4109;3860
410;407
4110;3861
4111;3862
4112;3863
4113;3864
4114;3865
4115;3866
4116;3867
4117;3868
4119;3869
411;408
4120;3870
4121;3871
4124;3872
4125;3873
4127;3874
4128;3875
4129;3876
412;409
4130;3877
4131;3878
4132;3879
4133;3880
4135;3881
4136;3882
4137;3883
4138;3884
4139;3885
413;410
4140;3886
4141;3887
4142;3888
4143;3889
4144;3890
4146;3891
4147;3892
4148;3893
4149;3894
414;411
4151;3895
4152;3896
4153;3897
4155;3898
4156;3899
4157;3900
4158;3901
4159;3902
415;412
4160;3903
4161;3904
4162;3905
4165;3906
4166;3907
4167;3908
4169;3909
416;413
4170;3910
4171;3911
4172;3912
4173;3913
4174;3914
4175;3915
4177;3916
4178;3917
4179;3918
417;414
4180;3919
4182;3920
4183;3921
4184;3922
4185;3923
4186;3924
4187;3925
4188;3926
4189;3927
418;415
4190;3928
4191;3929
4192;3930
4193;3931
4194;3932
4195;3933
4196;3934
4197;3935
4198;3936
4199;3937
419;416
41;41
4200;3938
4201;3939
4202;3940
4203;3941
4204;3942
4206;3943
4207;3944
4208;3945
4209;3946
420;417
4213;3947
4214;3948
4215;3949
4216;3950
4217;3951
4218;3952
4219;3953
421;418
4220;3954
4221;3955
4222;3956
4223;3957
4224;3958
4225;3959
4226;3960
4227;3961
4228;3962
4229;3963
422;419
4230;3964
4231;3965
4235;3966
4236;3967
4237;3968
4238;3969
4239;3970
423;420
4242;3971
4244;3972
4247;3973
4249;3974
424;421
4250;3975
4252;3976
4253;3977
4254;3978
4255;3979
4256;3980
4257;3981
425;422
4261;3982
4262;3983
4263;3984
4265;3985
4268;3986
426;423
4270;3987
4271;3988
4272;3989
4273;3990
4274;3991
4275;3992
4276;3993
4278;3994
427;424
4280;3995
4284;3996
4285;3997
4286;3998
4287;3999
4289;4000
428;425
4290;4001
4291;4002
4292;4003
4293;4004
4295;4005
4296;4006
4297;4007
4299;4008
429;426
42;42
4300;4009
4301;4010
4302;4011
4303;4012
4304;4013
4305;4014
4306;4015
4307;4016
4308;4017
4309;4018
430;427
4312;4019
4313;4020
4314;4021
4315;4022
4316;4023
4317;4024
4318;4025
4319;4026
431;428
4320;4027
4321;4028
4322;4029
4325;4030
4326;4031
4327;4032
4328;4033
432;429
4330;4034
4331;4035
4333;4036
4335;4037
4336;4038
4338;4039
4339;4040
433;430
4340;4041
4341;4042
4342;4043
4343;4044
4344;4045
4345;7175
4347;4046
4348;4047
4349;4048
434;431
4350;4049
4351;7176
4352;4050
4353;4051
4354;4052
4355;4053
4356;4054
4357;4055
4358;4056
4359;4057
435;432
4360;4058
4362;4059
4363;4060
4364;4061
4365;4062
4367;4063
4368;4064
4369;4065
436;433
4370;4066
4371;4067
4372;4068
4373;4069
4374;4070
4375;4071
4376;4072
4377;4073
4379;4074
437;434
4380;4075
4381;4076
4382;4077
4383;4078
4384;4079
4386;4080
4387;4081
4388;4082
438;435
4390;4083
439;436
43;43
440;437
441;438
442;439
443;440
444;441
445;442
446;443
447;444
448;445
449;446
44;44
450;447
451;448
452;449
453;450
454;451
455;452
456;453
457;454
458;455
459;456
45;45
460;457
461;458
462;459
463;460
464;461
465;462
466;463
467;464
468;465
469;466
46;46
470;467
471;468
472;469
474;470
475;471
476;472
477;473
478;474
479;475
47;47
480;476
481;477
482;478
483;479
484;480
485;481
486;482
487;483
488;484
489;485
48;48
490;486
491;487
492;488
493;489
494;490
495;491
496;492
497;493
498;494
499;495
49;49
4;4
500;496
501;497
502;498
503;499
504;500
505;501
506;502
507;503
508;504
509;505
50;50
510;506
511;507
512;508
513;509
514;510
515;511
516;512
517;513
518;514
519;515
51;51
520;516
521;517
522;518
523;519
524;520
525;521
526;522
528;523
529;524
52;52
530;525
531;526
532;527
533;528
534;529
535;530
536;531
537;532
538;533
539;534
53;53
5404;4084
5405;4085
5406;4086
5407;4087
5408;4088
5409;4089
540;535
5410;4090
5411;4091
5412;4092
5413;4093
5414;4094
5415;4095
5416;4096
5417;4097
5418;4098
5419;4099
541;536
5420;4100
5421;4101
5422;4102
5423;4103
5424;4104
5425;4105
5426;4106
5427;4107
5428;4108
5429;4109
542;537
5430;4110
5431;4111
5432;4112
5433;4113
5434;4114
5435;4115
5436;4116
5437;4117
5438;4118
5439;4119
543;538
5440;4120
5441;4121
5442;4122
5443;4123
5444;4124
5445;4125
5446;4126
5447;4127
5448;4128
5449;4129
544;539
5450;4130
5452;4131
5453;4132
5456;4133
5457;4134
5458;4135
5459;4136
545;540
5460;4137
5461;4138
5462;4139
5463;4140
5464;4141
5465;4142
5466;4143
5467;4144
5468;4145
5469;4146
546;541
5470;4147
5471;4148
5472;4149
5473;4150
5474;4151
5478;4152
5479;4153
547;542
5480;4154
5481;4155
5482;4156
5483;4157
5484;4158
5485;4159
5486;4160
5487;4161
5488;4162
5489;4163
548;543
5490;4164
5491;4165
5492;4166
5493;4167
5494;4168
5495;4169
5496;4170
5497;4171
5498;4172
5499;4173
549;544
54;54
5500;4174
5501;4175
5502;4176
5503;4177
5504;4178
5505;4179
5506;4180
5507;4181
5508;4182
5509;4183
550;545
5510;4184
5511;4185
5512;4186
5513;4187
5514;4188
5515;4189
5516;4190
5517;4191
5518;4192
5519;4193
551;546
5520;4194
5521;4195
5522;4196
5523;4197
5524;4198
5525;4199
5526;4200
5527;4201
5528;4202
5529;4203
552;547
5530;4204
5531;4205
5532;4206
5533;4207
5534;4208
5535;4209
5536;4210
5537;4211
5538;4212
5539;4213
553;548
5540;4214
5541;4215
5542;4216
5543;4217
5544;4218
5545;4219
5546;4220
5547;4221
5548;4222
5549;4223
554;549
5550;4224
5551;4225
5552;4226
5553;4227
5554;4228
5555;4229
5556;4230
5557;4231
5558;4232
5559;4233
555;550
5560;4234
5561;4235
5562;7177
5563;4236
5564;4237
5565;4238
5566;4239
5567;4240
5568;4241
5569;4242
556;551
5570;4243
5571;4244
5572;4245
5573;4246
5574;4247
5575;4248
5577;4249
5578;4250
5579;4251
557;552
5580;4252
5581;4253
5582;7178
5583;7179
5584;4254
5585;4255
5586;4256
5587;4257
5588;4258
5589;7180
558;553
5590;4259
5591;4260
5592;4261
5593;4262
5594;4263
5595;4264
5596;4265
5597;4266
5598;4267
5599;4268
559;554
55;55
5602;4269
5603;4270
5604;4271
5605;4272
5606;4273
5607;4274
5608;4275
5609;4276
560;555
5610;4277
5611;4278
5612;4279
5613;4280
5614;4281
5615;4282
5616;4283
5617;4284
5618;4285
5619;4286
561;556
5620;4287
5621;4288
5622;4289
5623;4290
5624;4291
5625;4292
5626;4293
5627;4294
5628;4295
5629;4296
562;557
5630;4297
5631;4298
5632;4299
5633;4300
5634;4301
5635;4302
5636;4303
5637;4304
5639;4305
563;558
5640;4306
5641;4307
5642;4308
5643;4309
5644;4310
5645;4311
5646;4312
5647;4313
5648;4314
5649;4315
564;559
5650;4316
5651;4317
5652;4318
5653;4319
5654;4320
5659;4321
565;560
5662;4322
5663;4323
5664;4324
5665;4325
5669;4326
566;561
5670;4327
5671;4328
5672;4329
5673;4330
5674;7181
5675;7182
5676;4331
5677;4332
5678;4333
5679;4334
567;562
5680;4335
5681;4336
5682;4337
5683;4338
5684;4339
5685;4340
5686;4341
5687;4342
5688;4343
5689;4344
568;563
5690;4345
5691;4346
5692;4347
5693;4348
5694;4349
5695;4350
5696;4351
5697;4352
5698;4353
5699;4354
569;564
56;56
5700;4355
5701;4356
5702;4357
5703;4358
5704;4359
5705;4360
5706;4361
5707;4362
5708;4363
5709;4364
570;565
5710;4365
5711;4366
5714;4367
5715;4368
5716;4369
5717;4370
5718;4371
5719;4372
571;566
5720;4373
5721;4374
5722;4375
5723;4376
5724;4377
5725;4378
5726;4379
5727;4380
5728;4381
5729;4382
572;567
5730;4383
5731;4384
5732;4385
5733;4386
5734;4387
5735;4388
5736;4389
5737;4390
5738;4391
5739;4392
573;568
5740;4393
5741;4394
5742;4395
5743;4396
5744;4397
5745;4398
5746;4399
5747;4400
5748;4401
5749;4402
574;569
5750;4403
5751;4404
5752;4405
5753;4406
5754;4407
5755;4408
5756;4409
5757;4410
5758;4411
5759;4412
575;570
5760;4413
5761;4414
5762;4415
5763;4416
5764;4417
5765;4418
5766;4419
5767;4420
5768;4421
5769;4422
576;571
5770;4423
5771;4424
5772;4425
5773;4426
5774;4427
5775;4428
5776;4429
5777;4430
5779;4431
577;572
5780;4432
5781;4433
5782;4434
5783;4435
5786;4436
5787;4437
5788;4438
5789;4439
578;573
5790;4440
5791;4441
5792;4442
5793;4443
5794;4444
5795;4445
5796;4446
5797;4447
5798;4448
5799;4449
579;574
57;57
5800;4450
5801;4451
5802;4452
5803;4453
5806;4454
5807;4455
5808;4456
5809;4457
580;575
5810;4458
5811;4459
5812;4460
5813;4461
5814;4462
581;576
582;577
5831;4463
5832;4464
5833;4465
5834;4466
5835;4467
5836;4468
5837;4469
5838;4470
5839;4471
583;578
5840;4472
5841;4473
5842;4474
5843;4475
5844;4476
5845;4477
5847;4478
5848;4479
5849;4480
584;579
5850;4481
5851;4482
5852;4483
5853;4484
5856;4485
5857;4486
5858;4487
5859;4488
585;580
5860;4489
5861;4490
5862;4491
5863;4492
5864;4493
5865;4494
5866;4495
5867;4496
5868;4497
5869;4498
586;581
5870;4499
5871;4500
5872;4501
5873;4502
5874;4503
5875;4504
5876;4505
5877;4506
5878;4507
5879;4508
587;582
5880;4509
5881;7183
5882;4510
5883;4511
5884;4512
5885;4513
5887;4514
5888;4515
5889;4516
588;583
5890;4517
5891;4518
5892;4519
5893;4520
5894;4521
5895;4522
5896;4523
5897;4524
5898;4525
5899;4526
589;584
58;58
5900;4527
5901;4528
5902;4529
5903;4530
5904;4531
5905;4532
5906;4533
5907;4534
5908;4535
5909;4536
590;585
5910;4537
5911;4538
5912;4539
5913;4540
5914;4541
5915;4542
5916;4543
5917;4544
5918;4545
5919;4546
591;586
5920;4547
5921;4548
5922;4549
5924;4550
5925;4551
5926;4552
5927;4553
5928;4554
5929;4555
592;587
5930;4556
5931;4557
5932;4558
5933;4559
5934;4560
5935;4561
5936;4562
5937;4563
5938;4564
5939;4565
593;588
5940;4566
5941;4567
5942;4568
5943;4569
5944;4570
5945;4571
5946;4572
5947;4573
5948;4574
5949;4575
594;589
5950;4576
5951;4577
5952;4578
5953;4579
5954;4580
5959;4581
595;590
5960;4582
5961;4583
5962;4584
5963;4585
5964;4586
5965;4587
5966;4588
5967;4589
5968;4590
5969;4591
596;591
597;592
5989;4592
5990;4593
5991;4594
5992;4595
5993;4596
5994;4597
5995;4598
5996;4599
5997;4600
5998;4601
5999;4602
599;593
59;59
5;5
6000;4603
6001;4604
6002;4605
6003;4606
6004;4607
6005;4608
6006;4609
6007;4610
6008;4611
6009;4612
600;594
6010;4613
6011;4614
6012;4615
6013;4616
6014;4617
6016;4618
6017;4619
6018;4620
6019;4621
601;595
6020;4622
6021;4623
6022;4624
6023;4625
6024;4626
6025;4627
6026;4628
6027;4629
6028;4630
6029;4631
602;596
6030;4632
6031;4633
6032;4634
6033;4635
6034;4636
6036;4637
6037;4638
6038;4639
6039;4640
603;597
6040;4641
6041;4642
6042;4643
6043;4644
6044;4645
6045;4646
6046;4647
6047;4648
6048;4649
6049;4650
604;598
6050;4651
6051;4652
6052;4653
6053;4654
6054;4655
6055;4656
6056;4657
6057;4658
6058;4659
6059;4660
605;599
6060;4661
6061;4662
6062;4663
6065;4664
6066;4665
6067;4666
6068;4667
6069;4668
6070;4669
6071;4670
6072;4671
6073;4672
6074;4673
6075;4674
6076;4675
6077;4676
6078;4677
6079;4678
607;600
6080;4679
6081;4680
6082;4681
6083;4682
6084;4683
6085;4684
6086;4685
6088;4686
6089;4687
608;601
6090;4688
6091;4689
6092;4690
6093;4691
6094;4692
6095;4693
6097;4694
6098;4695
6099;4696
609;602
60;60
6100;4697
6101;4698
6102;4699
6103;4700
6104;4701
6105;4702
6106;4703
6107;4704
6108;4705
6109;4706
610;603
6110;4707
6111;4708
6112;4709
6113;4710
6114;4711
6115;4712
6116;4713
6117;4714
6118;4715
6119;4716
611;604
6120;4717
6121;4718
6122;4719
6123;4720
6124;4721
6125;4722
6126;4723
6128;4724
612;605
6130;4725
6133;4726
6134;4727
6136;4728
6137;4729
6138;4730
6139;4731
613;606
6140;4732
6141;4733
6142;4734
6143;4735
6144;4736
6145;4737
6146;4738
6147;4739
6148;4740
6149;4741
614;607
6150;4742
6151;4743
6152;4744
6153;4745
6154;4746
6155;4747
6156;4748
6157;4749
6158;4750
6159;4751
615;608
6160;4752
6161;4753
6162;4754
6163;4755
6164;4756
6165;4757
6166;4758
6167;4759
6168;4760
6169;4761
616;609
6170;4762
6171;4763
6172;4764
6173;4765
6174;4766
6175;4767
6176;4768
6177;4769
6179;4770
617;610
6180;4771
6181;4772
6182;4773
6183;4774
6184;4775
6185;4776
6186;4777
6187;4778
6188;4779
6189;4780
618;611
6190;4781
6191;4782
6192;4783
6193;4784
6194;4785
6195;4786
6196;4787
6197;4788
6198;4789
6199;4790
619;612
61;61
6200;4791
6201;4792
6202;4793
6203;4794
6204;4795
6205;4796
6206;4797
6207;4798
6208;4799
6209;4800
6210;4801
6211;4802
6212;4803
6213;4804
6214;4805
6215;4806
6216;4807
6217;4808
6218;4809
6219;4810
621;613
6220;4811
6221;4812
6222;4813
6223;4814
6224;4815
6225;4816
6226;4817
6227;4818
6228;4819
6229;4820
622;614
6230;4821
6232;4822
6233;4823
6234;4824
6235;4825
6236;4826
6237;4827
6238;4828
6239;4829
623;615
6240;4830
6241;4831
6242;4832
6243;4833
6244;4834
6245;4835
6246;4836
6247;4837
6248;4838
6249;4839
624;616
6250;4840
6251;4841
6252;4842
6253;4843
6254;4844
6255;4845
6256;4846
6257;4847
6258;4848
6259;4849
625;617
6260;4850
6261;4851
6262;4852
6263;4853
6264;4854
6265;4855
6266;4856
6267;4857
6268;4858
6269;4859
626;618
6270;4860
6271;4861
6272;4862
6273;4863
6274;4864
6275;4865
6276;4866
6277;4867
6278;4868
6279;4869
627;619
6280;4870
6281;4871
6282;4872
6283;4873
6284;4874
6285;4875
6286;4876
6287;4877
6288;4878
6289;4879
628;620
6290;4880
6291;4881
6292;4882
6293;4883
6294;4884
6295;4885
6296;4886
6297;4887
6298;4888
6299;4889
629;621
62;62
6300;4890
6301;4891
6302;4892
6303;4893
6304;4894
6305;4895
6306;4896
6307;4897
6308;4898
6309;4899
630;622
6310;4900
6311;4901
6312;4902
6313;4903
6314;4904
6315;4905
6316;4906
6317;4907
6318;4908
6319;4909
631;623
6320;4910
6321;4911
6322;4912
6323;4913
6324;4914
6325;4915
6326;4916
6327;4917
6328;4918
6329;4919
632;624
6330;4920
6331;4921
6332;4922
6333;4923
6334;4924
6335;4925
6336;4926
6337;4927
6338;4928
6339;4929
633;625
6340;4930
6341;4931
6342;4932
6343;4933
6344;4934
6345;4935
6346;4936
6347;4937
6348;4938
6349;4939
634;626
6350;4940
6351;4941
6352;4942
6353;4943
6354;4944
6355;4945
6356;4946
6357;4947
6358;4948
6359;4949
635;627
6360;4950
6361;4951
6362;4952
6363;4953
6364;4954
6365;4955
6366;4956
6367;4957
6368;4958
6369;4959
636;628
6370;4960
6371;4961
6372;4962
6373;4963
6374;4964
6375;4965
6376;4966
6377;4967
6378;4968
6379;4969
637;629
6380;4970
6381;4971
6382;4972
6383;4973
6384;4974
6385;4975
6386;4976
6387;4977
6388;4978
6389;4979
638;630
6390;4980
6391;4981
6392;4982
6393;4983
6394;4984
6395;4985
6396;4986
6397;4987
6398;4988
6399;4989
639;631
63;63
6400;4990
6401;4991
6402;4992
6403;4993
6404;4994
6405;4995
6406;4996
6407;4997
6408;4998
6409;4999
640;632
6410;5000
6411;5001
6412;5002
6413;5003
6414;5004
6415;5005
6419;5006
641;7169
6420;5007
6421;5008
6422;5009
6423;5010
6424;5011
6425;5012
6426;5013
6427;5014
6429;5015
642;633
6430;5016
6431;5017
6432;5018
6434;5019
643;634
6445;5020
6446;5021
6447;5022
644;635
6450;5023
6454;5024
6455;5025
6456;5026
6458;5027
645;636
6460;5028
6464;5029
6465;5030
6466;5031
6467;5032
646;637
6477;5033
6478;5034
6479;5035
647;638
6481;5036
6482;5037
6483;5038
6485;5039
6487;5040
6489;5041
648;639
6492;5042
6493;5043
6494;5044
6497;5045
6499;5046
649;640
64;64
6500;5047
6505;5048
6506;5049
650;641
6511;5050
6519;5051
651;642
6520;5052
6522;5053
652;643
653;644
654;645
655;646
656;647
657;648
658;7170
659;649
65;65
660;650
662;651
663;652
664;7171
665;653
666;654
667;655
668;656
669;657
66;66
670;658
6712;5054
6713;5055
6714;5056
6715;5057
6716;5058
6717;5059
6718;5060
6719;5061
671;659
6720;5062
6722;5063
6723;5064
6724;5065
6725;5066
6726;5067
6727;5068
6728;5069
6729;5070
6730;5071
6731;5072
6732;5073
6733;5074
6734;5075
6735;5076
6737;5077
6738;5078
6739;5079
673;660
6740;5080
6741;5081
6742;5082
6743;5083
6744;5084
6745;5085
6746;5086
6747;5087
6748;5088
6749;5089
674;661
6751;5090
6752;5091
6753;5092
6754;5093
6755;5094
6756;5095
6757;5096
6758;5097
6759;5098
675;662
6760;5099
6761;5100
6762;5101
6763;5102
6764;5103
6765;5104
6766;5105
6767;5106
6768;5107
6769;5108
676;663
6771;5109
6772;5110
6773;5111
6774;5112
6775;5113
6776;5114
6777;5115
6778;5116
6779;5117
677;664
6780;5118
6781;5119
6782;5120
6783;5121
6784;5122
6785;5123
6786;5124
6787;5125
6788;5126
6789;5127
678;665
6790;5128
6791;5129
6792;5130
6793;5131
6794;5132
6795;5133
6797;5134
6798;5135
6799;5136
679;666
67;67
6800;5137
6803;5138
6805;5139
6806;5140
6807;5141
6808;5142
6809;5143
680;667
6814;5144
6816;5145
6819;5146
681;668
6823;5147
6824;5148
6825;5149
6826;5150
6829;5151
682;669
6830;5152
6832;5153
6833;5154
6834;5155
6837;5156
6838;5157
6839;5158
683;670
6840;5159
6841;5160
6843;5161
6844;5162
6845;5163
6849;5164
684;671
6853;5165
6855;5166
6859;5167
685;672
6860;5168
6862;5169
6866;5170
6867;5171
6868;5172
686;673
6870;5173
6871;5174
6873;5175
6876;5176
6877;5177
6878;5178
687;674
6880;5179
6881;5180
6883;5181
6886;5182
6887;5183
688;675
6894;5184
6896;5185
6897;5186
6898;7184
6899;5187
689;676
68;68
6905;5188
6906;5189
6907;5190
6908;5191
6909;5192
690;677
6910;5193
6911;5194
6914;5195
6915;5196
6916;5197
6917;5198
6918;5199
691;678
6922;5200
6924;5201
6926;5202
6927;5203
6928;5204
6929;5205
692;679
6930;5206
6931;5207
6932;5208
6933;5209
6934;5210
6936;5211
6937;5212
6939;5213
693;680
6940;5214
6943;5215
6944;5216
6945;5217
6947;5218
6948;5219
6949;5220
694;681
6950;5221
6951;5222
6952;5223
6955;5224
6956;5225
6957;5226
6958;5227
6959;5228
695;682
6960;5229
6961;5230
6963;5231
6967;5232
6968;5233
6969;5234
696;683
6973;5235
6974;5236
6975;5237
697;684
6984;5238
6985;5239
6986;5240
6989;5241
698;685
6990;5242
6991;5243
6992;5244
6993;5245
6994;5246
6995;5247
6996;5248
6997;5249
6998;5250
6999;5251
699;686
69;69
6;6
7000;5252
7001;5253
7003;5254
7009;5255
700;687
7010;5256
7011;5257
7012;5258
7013;5259
7014;5260
7015;5261
7016;5262
7017;5263
7018;5264
7019;5265
701;688
7020;5266
7021;5267
7022;5268
7023;5269
7025;5270
7026;5271
7027;5272
702;689
7030;5273
7033;5274
7035;5275
7036;5276
7037;5277
703;690
7042;5278
7046;5279
7047;5280
7048;5281
704;691
7051;5282
7052;5283
7053;5284
7054;5285
7056;5286
7058;5287
7059;5288
705;692
7060;5289
7061;5290
7062;5291
7063;5292
7064;5293
7065;5294
7066;5295
7067;5296
7068;5297
7069;5298
706;693
7070;5299
7071;5300
7072;5301
7073;5302
7074;5303
7075;5304
7076;5305
7077;5306
7078;5307
7079;5308
707;694
7080;5309
7081;5310
7082;5311
7083;5312
7085;5313
7086;5314
7087;5315
7088;5316
7089;5317
708;695
7090;5318
7092;5319
7093;5320
7094;5321
7095;5322
7096;5323
7097;5324
7098;5325
709;696
70;70
7101;5326
7103;5327
7105;5328
7106;5329
7107;5330
7108;5331
710;697
7111;5332
7114;5333
7115;5334
7116;5335
7117;5336
711;698
7120;5337
7121;5338
7122;5339
7123;5340
7125;5341
7126;5342
7128;5343
7129;5344
712;699
7130;5345
7131;5346
7134;5347
7135;5348
7136;5349
713;700
7140;5350
7142;5351
7143;5352
7146;5353
7148;5354
714;701
7154;5355
7157;5356
7158;5357
7159;5358
715;702
7160;5359
7161;5360
7162;5361
716;703
7177;5362
7178;5363
7179;5364
717;704
7180;5365
7181;5366
7182;5367
7183;5368
7184;5369
7185;5370
7186;5371
7187;5372
7188;5373
718;705
7190;5374
7191;5375
7192;5376
7194;5377
7195;5378
7198;5379
7199;5380
719;706
71;71
7201;5381
7202;5382
7203;5383
7204;5384
7205;5385
7206;5386
7207;5387
7208;5388
7209;5389
720;707
7210;5390
7213;5391
7214;5392
7217;5393
721;708
7220;5394
7221;5395
7222;5396
7226;5397
7229;5398
722;709
7230;5399
7233;5400
7235;5401
7236;5402
723;710
7240;5403
7242;5404
7244;5405
7245;5406
7246;5407
724;711
7251;5408
7252;5409
7253;5410
7254;5411
7255;5412
7256;5413
7259;5414
725;712
7260;5415
7261;5416
7262;5417
7263;5418
7264;5419
7265;5420
7266;5421
7267;5422
7268;5423
7269;5424
726;713
7272;5425
7273;5426
7274;5427
7275;5428
7277;5429
7278;5430
727;714
7280;5431
728;715
7291;5432
7292;5433
7293;5434
7294;5435
7295;5436
7296;5437
7297;5438
729;716
72;72
7301;5439
7302;5440
7307;5441
7309;5442
730;717
7311;5443
7312;5444
7313;5445
731;718
7320;5446
7323;5447
7324;5448
7325;5449
7330;5450
7331;5451
7332;5452
7333;5453
7334;5454
7335;5455
7336;5456
7338;5457
7339;5458
733;719
7340;5459
7341;5460
7343;5461
7346;5462
7347;5463
7348;5464
7349;5465
734;720
7350;5466
7351;5467
7352;5468
7353;5469
7354;5470
7355;5471
7357;5472
7359;5473
735;721
7360;5474
7361;5475
7362;5476
7363;5477
7364;5478
7367;5479
7368;5480
7369;5481
736;722
7370;5482
7371;5483
7372;5484
7373;5485
7374;5486
7375;5487
7376;5488
7377;5489
7378;5490
7379;5491
737;723
7380;5492
7381;5493
7382;5494
7383;5495
7384;5496
738;724
7394;5497
7395;5498
7396;5499
7397;5500
7398;5501
7399;5502
739;725
73;73
7406;5503
7407;5504
7408;5505
7409;5506
740;726
7411;5507
7413;5508
7414;5509
7415;5510
7416;5511
7417;5512
7418;5513
7419;5514
741;727
7420;5515
7421;5516
7422;5517
7423;5518
7424;5519
7426;5520
7427;5521
7428;5522
7429;5523
742;728
7432;5524
7437;5525
743;729
7442;5526
7443;5527
7446;5528
7448;5529
7449;5530
7450;5531
7451;5532
7452;5533
7453;5534
7454;5535
7455;5536
7456;5537
7459;5538
745;730
7461;5539
7464;5540
7465;5541
7466;5542
7467;5543
7468;5544
7469;5545
746;731
7470;5546
7472;5547
7473;5548
7474;5549
7475;5550
7476;5551
7480;5552
7481;5553
7483;5554
7484;5555
7485;5556
7486;5557
7487;5558
7488;5559
7489;5560
748;732
7490;5561
7492;5562
7494;5563
7495;5564
7496;5565
7497;5566
7498;5567
7499;5568
74;74
7500;5569
7501;5570
7503;5571
7504;5572
7506;5573
7508;5574
750;733
7510;5575
7511;5576
7513;5577
7514;5578
7516;5579
7517;5580
7518;5581
7519;5582
751;734
7521;5583
7522;5584
7523;5585
7531;5586
7532;5587
7533;5588
7536;5589
7538;5590
753;735
7542;5591
7544;5592
7546;5593
7547;5594
7548;5595
7549;5596
754;736
7550;5597
7551;5598
7552;5599
7556;5600
7557;5601
7558;5602
7559;5603
755;737
7560;5604
7563;5605
7565;5606
7566;5607
7569;5608
756;738
7570;5609
7571;5610
7572;5611
7573;5612
7574;5613
7575;5614
7576;5615
7577;5616
7578;5617
7579;5618
757;739
7580;5619
7581;5620
7582;5621
7583;5622
7584;5623
7586;5624
7587;5625
7588;5626
7589;5627
758;740
7590;5628
7591;5629
7592;5630
7593;5631
7594;5632
7595;5633
7596;5634
7597;5635
7598;5636
7599;5637
759;741
75;75
7600;5638
7601;5639
760;742
7610;5640
7611;5641
7615;5642
7616;5643
7617;5644
7618;5645
7619;5646
761;743
7621;5647
7622;5648
7627;5649
7629;5650
762;744
7630;5651
7633;5652
7634;5653
763;745
7642;5654
7646;5655
7647;5656
7648;5657
7649;5658
764;746
7650;5659
7651;5660
7652;5661
7653;5662
7654;5663
7655;5664
7656;5665
7657;5666
7658;5667
7659;5668
765;747
7660;5669
7662;5670
7663;5671
7669;5672
766;748
7670;5673
7671;5674
7673;5675
7674;5676
7675;5677
767;749
7683;5678
7684;5679
7685;5680
7686;5681
768;750
7690;5682
7691;5683
7692;5684
7693;5685
7694;5686
769;751
76;76
7700;5687
7701;5688
7702;5689
7703;5690
7704;5691
770;752
7710;5692
7711;5693
7712;5694
7714;5695
7716;5696
7717;5697
771;753
7720;5698
7721;5699
7722;5700
7723;5701
7724;5702
7725;5703
7726;5704
7727;5705
7728;5706
772;754
7730;5707
7731;5708
7732;5709
7738;5710
773;755
774;756
775;757
7766;5711
7767;5712
7768;5713
7769;5714
7772;5715
7773;5716
7774;5717
7775;5718
7776;5719
7777;5720
7778;5721
777;758
7780;5722
7782;5723
7787;5724
778;759
7792;5725
779;760
77;77
7800;5726
7804;5727
7805;5728
7806;5729
7809;5730
780;761
7810;5731
7811;5732
7812;5733
7813;5734
7814;5735
7815;5736
7816;5737
7817;5738
7818;5739
781;762
7820;5740
7821;5741
7822;5742
7826;5743
7827;5744
7828;5745
782;763
7830;5746
7831;5747
7834;5748
7835;5749
7836;5750
7837;5751
7838;5752
7839;5753
783;764
7840;5754
7841;5755
7846;5756
7847;5757
7848;5758
7849;5759
784;765
7853;5760
7854;5761
7855;5762
7856;5763
7857;5764
7859;5765
785;766
7861;5766
7862;5767
7863;5768
7867;5769
7868;5770
7869;5771
786;767
7870;5772
7871;5773
7872;5774
7875;5775
7879;5776
787;768
7880;5777
7885;5778
7886;5779
7888;5780
7889;5781
788;769
7892;5782
7893;5783
7894;5784
789;770
78;78
7902;5785
7903;5786
7904;5787
7905;5788
7906;5789
7907;5790
7908;5791
7909;5792
790;771
7910;5793
7911;5794
7912;5795
7913;5796
7918;5797
791;772
7924;5798
7925;5799
7928;5800
7929;5801
792;773
7930;5802
7931;5803
7932;5804
7933;5805
7935;5806
7936;5807
7938;5808
7939;5809
793;774
7941;5810
7946;5811
7947;5812
7948;5813
794;775
795;776
7962;5814
7963;5815
796;777
7976;5816
7978;5817
7979;5818
797;778
7980;5819
7981;5820
7982;5821
7983;5822
7984;5823
7985;5824
7986;5825
7987;5826
798;779
7990;5827
7991;5828
7998;5829
7999;5830
799;780
79;79
7;7
8000;5831
8005;5832
8006;5833
8007;5834
800;781
801;782
8029;5835
802;783
8030;5836
8031;5837
8032;5838
8033;5839
8034;5840
8035;5841
8038;5842
8039;5843
803;784
8042;5844
8043;5845
804;785
8050;5846
8051;5847
8052;5848
8053;5849
8054;5850
8055;5851
8062;5852
8063;5853
8069;5854
806;786
8070;5855
8075;5856
8076;5857
8077;5858
8079;5859
807;787
8080;5860
8083;5861
8084;5862
8085;5863
8086;5864
8087;5865
8088;5866
8089;5867
808;788
8090;5868
8091;5869
8092;5870
8093;5871
8094;5872
8095;5873
8096;5874
8097;5875
8098;5876
8099;5877
809;789
80;80
8100;5878
8101;5879
8102;5880
8103;5881
8104;5882
8105;5883
8106;5884
8107;5885
8108;5886
8109;5887
810;790
8110;5888
8111;5889
8112;5890
8113;5891
8114;5892
8115;5893
8116;5894
8117;5895
8118;5896
8119;5897
811;791
8120;5898
8121;5899
8122;5900
8123;5901
8124;5902
8126;5903
8127;5904
812;792
8130;5905
8133;5906
8134;5907
8135;5908
8136;5909
8137;5910
8138;5911
8139;5912
813;793
8140;5913
8141;5914
8142;5915
8143;5916
8146;5917
8147;5918
8148;5919
8149;5920
814;794
8152;5921
815;795
8162;5922
8165;5923
816;796
8177;5924
8178;5925
8179;5926
817;797
8180;5927
8182;5928
8187;5929
8188;5930
8189;5931
818;798
8194;5932
8195;5933
8199;5934
819;799
81;81
8200;5935
8208;5936
8209;5937
820;800
8215;5938
8216;5939
8217;5940
8218;5941
8219;5942
821;801
8220;5943
8221;5944
8223;5945
8224;5946
8225;5947
8227;5948
8228;5949
8229;5950
822;802
8230;5951
8233;5952
8234;5953
8235;5954
8236;5955
8237;5956
8238;5957
8239;5958
823;803
8240;5959
8241;5960
8242;5961
8243;5962
8244;5963
8245;5964
8246;5965
8247;5966
8248;5967
8249;5968
824;804
8250;5969
8252;5970
8253;5971
8254;5972
8255;5973
8256;5974
8257;5975
8258;5976
8259;5977
825;805
8260;5978
8265;5979
8266;5980
8273;5981
8274;5982
8276;5983
8277;5984
8278;5985
827;806
8280;5986
8281;5987
8282;5988
8283;5989
8284;5990
8285;5991
8286;5992
8287;5993
8288;5994
8289;5995
828;807
8290;5996
8291;5997
8292;5998
8293;5999
8294;6000
8295;6001
8296;6002
8297;6003
8298;6004
8299;6005
829;808
82;82
8300;6006
8302;6007
8303;6008
8305;6009
8306;6010
8308;6011
8312;6012
8313;6013
8314;6014
8318;6015
8319;6016
831;809
8320;6017
8321;6018
8322;6019
8323;6020
8328;6021
832;810
8331;6022
8332;6023
8333;6024
8334;6025
8335;6026
8336;6027
8337;6028
833;811
8340;6029
8341;6030
8342;6031
8343;6032
8344;6033
8347;6034
8348;6035
8349;6036
834;812
8350;6037
8351;6038
8352;6039
8353;6040
8354;6041
8355;6042
8356;6043
8357;6044
8358;6045
8359;6046
835;813
8360;6047
8361;6048
8362;6049
8363;6050
8364;6051
8365;6052
8366;6053
8367;6054
836;814
8379;6055
837;815
8380;6056
838;816
8394;6057
8395;6058
8397;6059
839;817
83;83
8401;6060
8403;6061
8404;6062
8405;6063
8406;6064
8407;6065
8409;6066
840;818
8410;6067
8412;6068
8414;6069
8417;6070
8419;6071
841;819
8423;6072
8426;6073
8427;6074
8428;6075
842;820
8430;6076
8431;6077
8432;6078
8435;6079
8438;6080
843;821
8443;6081
8445;6082
8446;6083
844;822
8459;6084
845;823
8460;6085
8461;6086
8462;6087
8467;6088
8468;6089
8469;6090
846;824
8472;6091
8473;6092
8474;6093
8475;6094
8476;6095
8477;6096
847;825
8482;6097
848;826
8493;6098
8494;6099
8495;6100
8496;6101
8497;6102
8499;6103
849;827
84;84
8500;6104
8501;6105
8502;6106
8503;6107
8504;6108
8505;6109
8506;6110
8507;6111
8508;6112
8509;6113
850;828
8510;6114
8511;6115
8512;6116
8513;6117
8514;6118
8515;6119
8516;6120
8517;6121
8519;6122
851;829
8520;6123
8524;6124
8526;6125
8528;6126
852;830
8532;6127
8538;6128
853;831
8542;6129
8544;6130
8545;6131
8548;6132
854;832
8550;6133
8553;6134
8555;6135
8556;6136
8559;6137
855;833
8560;6138
8565;6139
856;834
8577;6140
857;835
858;836
8593;6141
859;837
85;85
8601;6142
8603;6143
8604;6144
8606;6145
8608;6146
8609;6147
860;838
8610;6148
8611;6149
8612;6150
8613;6151
8614;6152
8615;6153
8616;6154
8617;6155
8618;6156
8619;6157
861;839
8620;6158
8621;6159
8622;6160
8623;6161
8624;6162
8625;6163
8626;6164
8627;6165
8628;6166
862;840
8630;6167
8631;6168
8632;6169
8633;6170
8634;6171
8639;6172
863;841
8641;6173
8644;6174
8646;6175
8648;6176
864;842
8653;6177
8654;6178
8655;6179
8658;6180
865;843
8660;6181
8661;6182
8663;6183
8664;6184
8665;6185
8666;6186
8667;6187
8669;6188
866;844
8670;6189
8671;6190
867;845
8681;6191
8682;6192
8683;6193
8684;6194
8689;6195
868;846
8690;6196
8691;6197
8692;6198
8693;6199
8694;6200
8695;6201
8696;6202
8698;6203
869;847
86;86
8700;6204
8701;6205
8702;6206
8703;6207
8706;6208
8707;6209
8708;6210
8709;6211
870;848
8710;6212
8711;6213
8712;6214
8713;6215
8714;6216
8715;6217
8717;6218
8718;6219
871;849
8721;6220
8722;6221
8723;6222
872;850
873;851
8740;6223
8742;6224
8743;6225
8744;6226
8745;6227
8746;6228
8747;6229
874;852
8750;6230
8751;6231
8752;6232
8759;6233
875;853
8761;6234
8762;6235
8763;6236
876;854
8771;6237
8772;6238
8773;6239
8774;6240
8775;6241
8776;6242
8777;6243
877;855
8780;6244
8782;6245
8784;6246
8785;6247
8789;6248
878;856
8790;6249
8792;6250
8793;6251
8796;6252
8798;6253
879;857
87;87
8801;6254
8802;6255
8804;6256
8807;6257
8808;6258
8809;6259
880;858
8811;6260
8812;6261
8813;6262
8815;6263
881;859
8820;6264
8821;6265
8822;6266
8823;6267
8824;6268
8825;6269
882;860
8831;6270
8833;6271
8834;6272
8835;6273
8838;6274
8839;6275
883;861
8840;6276
8845;6277
8846;6278
8847;6279
8848;6280
884;862
8850;6281
8853;6282
8854;6283
8855;6284
8859;6285
885;863
8860;6286
8861;6287
8862;6288
8864;6289
8866;6290
8867;6291
8868;6292
8869;6293
886;864
8870;6294
8871;6295
8872;6296
8873;6297
8874;6298
8875;6299
8876;6300
8877;6301
887;865
8880;6302
8888;6303
888;866
8890;6304
8892;6305
8893;6306
8894;6307
889;867
88;88
890;868
8914;6308
8918;6309
891;869
8925;6310
8926;6311
8927;6312
8928;6313
892;870
8931;6314
8933;6315
8935;6316
893;871
8943;6317
8944;6318
8946;6319
8948;6320
8949;6321
894;872
8950;6322
8951;6323
8952;6324
8953;6325
8954;6326
8958;6327
895;873
8961;6328
8963;6329
8965;6330
8966;6331
8967;6332
8968;6333
8969;6334
896;874
8971;6335
8972;6336
8974;6337
8975;6338
897;875
8980;6339
8982;6340
8983;6341
8984;6342
8989;6343
898;876
8994;6344
8995;6345
8996;6346
8998;6347
899;877
89;89
8;8
9001;6348
9002;6349
9004;6350
9006;6351
9008;6352
900;878
901;879
9025;6353
9026;6354
902;880
903;881
9042;6355
9044;6356
9045;6357
9048;6358
904;882
9054;6359
905;883
9062;6360
9065;6361
9066;6362
9068;6363
906;884
9075;6364
9076;6365
9079;6366
907;885
9088;6367
9089;6368
908;886
9090;6369
9091;6370
9093;6371
9095;6372
9096;6373
909;887
90;90
9100;6374
9102;6375
9103;6376
9104;6377
9107;6378
910;888
911;889
9120;6379
9123;6380
9124;6381
9125;6382
9126;6383
9127;6384
9129;6385
912;890
9132;6386
9134;6387
9136;6388
9137;6389
9138;6390
9139;6391
913;891
9140;6392
9141;6393
9147;6394
9148;6395
9149;6396
914;892
9156;6397
915;893
9162;6398
9163;6399
9164;6400
916;894
9175;6401
9178;6402
9179;6403
917;895
9182;6404
9183;6405
9184;6406
9185;6407
9186;6408
9187;6409
9188;6410
9189;6411
918;896
9190;6412
9191;6413
9193;6414
9199;6415
919;897
91;91
9205;6416
9207;6417
920;898
9215;6418
9218;6419
921;899
9225;6420
9226;6421
9227;6422
9228;6423
9229;6424
922;900
9232;6425
9233;6426
9236;6427
9237;6428
9238;6429
9239;6430
923;901
9240;6431
9241;6432
9243;6433
9244;6434
9245;6435
9247;6436
9248;6437
9249;6438
924;902
9251;6439
9252;6440
9253;6441
9255;6442
925;903
926;904
9273;6443
9276;6444
9277;6445
927;905
928;906
9290;6446
929;907
92;92
9305;6447
930;908
9311;6448
9317;6449
931;909
9327;6450
932;910
933;911
9348;6451
934;912
935;913
936;914
9371;6452
9372;6453
9373;6454
9374;6455
9376;6456
9377;6457
9378;6458
9379;6459
937;915
9380;6460
9386;6461
9388;6462
938;916
9390;6463
9391;6464
9392;6465
9393;6466
9394;6467
9395;6468
9396;6469
9397;6470
9399;6471
939;917
93;93
9400;6472
9402;6473
9403;6474
9406;6475
9407;6476
9408;6477
9409;6478
940;918
9411;6479
9412;6480
9413;6481
9414;6482
9415;6483
9416;6484
9417;6485
9418;6486
9419;6487
941;919
9428;6488
9429;6489
942;920
943;921
9447;6490
9448;6491
944;922
9450;6492
945;923
946;924
9474;6493
9475;6494
9481;6495
9484;6496
9488;6497
948;925
9492;6498
949;926
94;94
9500;6499
950;927
9511;6500
951;928
9521;6501
9528;6502
952;929
9532;6503
9533;6504
953;930
9542;6505
9543;6506
9544;6507
9545;6508
9546;6509
9547;6510
955;931
956;932
957;933
958;934
959;935
95;95
960;936
961;937
962;938
963;939
964;940
965;941
966;942
967;943
968;944
969;945
96;96
970;946
971;947
972;948
9739;6511
973;949
9744;6512
9746;6513
9749;6514
974;950
9753;6515
9754;6516
9759;6517
9760;6518
9761;6519
9763;6520
9768;6521
9769;6522
976;951
9771;6523
9772;6524
9773;6525
9774;6526
9776;6527
9777;6528
9778;6529
9779;6530
977;952
9780;6531
9781;6532
9782;6533
9783;6534
9784;6535
9786;6536
9787;6537
9788;6538
9789;6539
978;953
9790;6540
9791;6541
9792;6542
9793;6543
9794;6544
9795;6545
9796;6546
9797;6547
9798;6548
9799;6549
979;954
97;97
9800;6550
9805;6551
9806;6552
9808;6553
980;955
9818;6554
9819;6555
981;956
9820;6556
9821;6557
9824;6558
9825;6559
9826;6560
9828;6561
9829;6562
982;957
9830;6563
9831;6564
9832;6565
983;958
9844;6566
9846;6567
9847;6568
9848;6569
9849;6570
984;959
9850;6571
9853;6572
9854;6573
9857;6574
985;960
9860;6575
9861;6576
9862;6577
9863;6578
9864;6579
9866;6580
9868;6581
986;961
9872;6582
9873;6583
9874;6584
9875;6585
987;962
9886;6586
9887;6587
9888;6588
9889;6589
988;963
9890;6590
9891;6591
9892;6592
9897;6593
9898;6594
9899;6595
989;964
98;98
9901;6596
9902;6597
9904;6598
9905;6599
990;965
991;966
992;967
9935;6600
9937;6601
9938;6602
9939;6603
993;968
9942;6604
9943;6605
994;969
995;970
996;971
997;972
998;973
999;974
99;99
9;9
